891
909
551
836
756
595
346
799
85
934
513
948
534
653
861
349
805
662
922
237
873
775
42
45
758
946
227
153
97
585
923
442
460
843
914
285
435
621
586
124
48
173
883
91
844
339
82
326
423
264
138
24
851
507
523
191
788
562
362
223
402
102
202
196
585
867
729
988
368
54
334
828
554
671
738
970
50
401
212
595
162
592
914
606
174
3
996
200
388
289
603
425
287
808
666
743
348
164
868
985
252
998
542
855
499
5
934
833
224
817
981
557
854
805
817
629
715
300
998
816
287
600
421
303
383
231
621
130
331
943
130
837
132
195
403
982
210
311
560
216
325
200
500
908
835
928
879
262
697
312
912
846
181
758
753
313
444
74
146
703
855
204
243
550
483
264
420
47
57
980
863
567
899
41
657
409
408
168
293
121
538
663
666
468
574
52
390
663
340
682
170
941
208
202
631
581
56
763
713
27
374
197
252
550
608
306
117
722
150
62
178
503
932
312
732
153
402
794
356
9
528
38
396
388
717
217
111
603
794
125
411
963
234
633
62
45
5
763
623
41
70
169
582
454
233
396
663
741
640
319
371
455
120
303
840
188
144
554
962
502
994
653
185
957
213
289
861
916
994
661
999
924
981
770
250
704
679
459
786
136
466
219
12
89
348
740
598
781
55
309
624
616
536
364
19
715
623
116
73
940
598
584
310
765
670
9
85
963
94
916
510
610
558
648
854
912
27
558
775
975
219
65
466
495
956
377
746
540
279
163
123
411
731
827
467
18
888
213
919
625
192
127
17
732
101
475
633
210
95
68
554
179
908
199
319
677
141
453
437
567
967
965
58
770
119
255
694
741
426
270
49
832
268
22
574
668
782
135
246
417
910
527
200
863
362
111
407
377
564
295
12
766
741
316
390
746
147
979
760
589
277
862
162
410
41
774
986
187
491
849
284
947
881
63
215
564
628
760
651
794
122
712
936
400
394
333
792
209
319
144
976
282
705
154
874
398
280
130
375
889
154
564
35
434
303
443
721
955
420
290
129
810
61
688
984
405
918
90
863
17
259
909
966
372
174
877
266
52
945
7
172
439
901
550
412
724
362
844
614
770
488
710
388
288
213
78
708
477
112
987
667
241
406
3
898
547
955
12
345
844
44
504
817
867
362
799
94
115
592
849
868
811
553
748
129
76
68
682
740
680
978
679
661
168
394
562
21
23
521
34
975
694
8
819
599
271
209
864
81
350
651
451
701
476
838
923
218
934
464
638
257
142
18
847
996
304
669
665
126
848
313
509
324
506
86
560
117
578
780
321
910
925
545
745
481
535
841
780
750
606
595
23
514
127
473
195
752
832
800
497
550
974
809
725
113
864
183
280
747
83
449
1
740
16
939
772
278
51
720
118
446
52
539
560
776
427
87
450
937
920
10
649
171
113
225
996
829
336
552
867
945
380
562
529
891
14
544
444
550
687
981
298
488
681
497
839
153
971
339
596
720
184
341
122
719
882
747
191
121
170
804
384
944
660
501
784
915
529
34
80
528
173
254
168
990
883
20
164
303
213
447
178
732
224
487
323
698
655
293
673
27
135
970
304
288
715
851
903
525
617
359
409
221
372
283
367
224
731
782
176
658
746
361
996
534
320
730
765
155
945
825
823
589
909
361
738
367
169
163
118
592
316
896
798
484
444
942
559
389
282
341
923
728
995
306
337
845
504
4
904
218
865
269
356
935
390
482
439
47
710
567
844
685
347
373
488
717
381
445
666
149
806
74
628
107
678
242
586
545
721
829
835
559
821
754
166
959
688
189
567
575
626
85
825
298
182
102
662
864
543
674
397
328
489
549
388
627
885
329
78
514
897
615
294
394
55
447
245
183
133
154
921
976
573
782
62
625
973
586
377
414
354
779
723
911
33
614
706
734
303
998
478
489
945
888
659
20
710
22
842
823
267
241
709
48
967
994
347
250
321
379
96
702
838
417
401
344
592
76
495
654
915
955
170
901
458
994
711
741
921
349
693
21
852
361
780
441
896
257
727
451
576
151
924
305
316
979
218
238
996
793
306
155
75
334
865
414
242
235
877
475
730
573
861
619
559
852
390
347
977
74
507
974
540
999
373
413
242
595
444
126
831
507
332
83
198
80
531
317
323
196
523
920
240
574
131
616
579
400
434
732
656
527
551
955
691
834
826
764
905
127
679
474
592
83
173
832
300
801
626
593
939
116
585
547
387
200
614
709
554
278
217
415
286
590
978
456
263
458
612
102
890
712
12
209
295
505
836
105
229
680
931
154
780
357
480
445
707
802
911
985
803
645
682
217
212
816
932
239
167
21
930
17
379
918
555
884
868
108
970
383
433
566
721
841
749
397
192
941
800
774
878
764
630
319
182
811
449
189
814
992
298
565
621
647
926
121
211
514
991
886
94
224
656
116
290
189
197
301
184
211
98
938
698
758
323
162
941
646
540
196
352
561
2
480
932
440
146
897
373
811
256
877
905
271
778
184
726
894
998
789
256
975
169
623
43
376
82
463
358
250
631
367
225
260
838
511
288
386
486
325
760
111
7
82
506
401
975
899
374
580
399
933
386
266
110
661
842
953
92
326
474
925
465
660
442
792
582
825
449
791
228
758
813
983
268
781
642
344
792
588
602
336
168
924
955
891
383
387
351
754
519
279
736
57
849
540
266
326
690
640
118
502
251
748
532
154
816
910
696
139
67
621
337
873
753
308
222
738
285
339
313
969
444
434
465
805
961
511
218
188
370
594
640
680
267
583
172
281
105
524
693
602
777
332
227
136
586
515
849
240
945
859
729
720
700
22
156
410
272
741
610
637
278
144
534
28
52
591
13
946
40
800
65
630
427
794
482
460
547
98
908
908
553
956
390
823
565
628
946
655
622
205
777
854
519
170
889
330
518
67
129
663
278
266
419
894
423
583
795
645
965
425
344
262
671
446
649
253
768
492
610
636
683
848
79
489
179
600
40
914
105
276
309
408
153
802
468
146
935
11
425
883
918
823
813
671
457
344
578
145
22
438
101
761
959
351
133
581
259
553
892
653
389
522
212
779
219
480
331
451
802
893
650
831
167
902
538
278
601
940
40
638
254
178
707
447
251
895
115
98
48
967
292
962
242
541
908
74
11
884
73
112
855
14
238
536
921
924
688
307
926
488
924
721
303
775
427
725
29
635
920
473
976
896
961
338
136
877
101
820
976
789
94
353
600
199
518
278
138
274
70
527
551
749
141
620
763
182
902
404
758
762
5
529
460
285
563
355
912
274
912
402
84
324
201
334
300
934
74
730
460
688
133
481
502
219
627
183
673
167
875
834
807
899
617
786
133
197
97
63
936
979
324
435
214
969
914
832
123
283
745
491
973
22
500
561
794
666
112
256
57
690
35
449
606
479
725
693
842
50
740
126
946
977
811
927
998
324
322
934
533
512
932
857
519
787
668
935
115
289
42
545
387
759
709
225
652
366
857
393
882
378
843
518
508
988
98
583
980
109
457
505
594
851
290
285
385
545
773
620
681
98
193
753
815
806
866
912
578
696
564
422
767
71
631
993
792
772
707
801
456
931
990
488
434
342
500
926
539
510
894
103
76
531
598
209
477
846
114
880
543
341
887
781
456
671
199
615
28
752
182
144
170
983
466
603
549
687
497
628
700
19
448
25
949
69
545
703
493
16
468
737
842
676
193
396
893
539
588
990
50
162
323
865
82
345
140
650
499
166
778
631
38
527
794
497
546
160
881
421
663
572
352
937
69
46
339
358
470
458
710
576
521
200
256
846
600
449
837
974
445
725
95
640
400
844
933
479
948
755
943
547
771
122
832
250
415
67
972
448
795
798
652
68
937
803
296
734
349
615
861
462
609
115
455
750
154
896
504
11
835
544
90
352
514
697
377
683
440
555
461
612
692
277
375
11
858
643
617
801
167
514
83
850
584
519
659
522
580
733
788
606
952
949
243
108
874
379
566
629
232
134
37
489
665
272
246
492
748
663
348
16
111
172
319
347
27
162
530
675
175
521
241
159
873
899
809
247
980
902
685
487
15
860
885
415
970
511
506
679
831
545
944
506
686
35
794
312
424
236
917
625
185
548
190
342
776
58
989
130
713
355
126
969
77
292
981
351
543
74
106
748
467
167
581
95
610
600
372
345
865
437
691
948
771
456
139
372
436
825
238
508
631
714
458
99
770
495
92
256
305
160
335
188
312
450
765
536
53
18
20
359
269
196
213
149
309
771
466
776
692
874
805
901
48
538
121
214
582
37
475
483
622
859
888
102
158
282
486
276
934
563
187
345
387
682
939
963
928
375
952
394
218
307
194
918
419
277
730
425
297
454
713
542
312
377
406
299
93
55
760
155
84
89
889
839
573
800
276
982
434
498
24
378
53
269
700
629
255
729
541
924
300
785
343
179
941
739
633
738
38
896
164
246
321
109
85
922
474
491
192
263
85
797
511
657
533
408
644
573
678
119
684
448
573
808
996
762
759
160
720
619
279
438
994
476
676
487
143
985
874
366
680
557
120
975
656
470
594
340
601
675
95
183
461
44
398
801
25
121
460
906
228
222
937
282
105
541
629
207
536
732
621
608
988
8
994
162
337
906
772
649
404
25
594
385
584
72
189
781
574
18
494
663
356
140
197
298
609
993
876
605
912
643
395
832
155
993
845
68
74
292
435
958
981
710
711
236
638
901
892
732
578
140
988
937
945
740
74
558
412
81
329
136
326
47
708
159
478
743
560
526
797
804
15
92
443
675
734
138
846
282
353
677
694
104
518
886
10
238
183
176
671
284
348
913
475
47
672
981
277
490
707
488
303
162
544
915
998
327
863
841
145
207
718
842
673
685
180
23
440
90
510
230
341
939
277
97
926
292
999
890
431
858
837
26
107
631
422
491
575
2
50
754
271
749
194
721
220
123
213
211
763
137
798
537
860
844
908
37
192
276
930
750
540
400
416
331
54
786
809
387
430
732
928
101
207
523
124
547
134
51
611
740
218
227
462
185
460
498
482
904
889
273
607
160
765
131
196
485
403
516
538
909
770
942
879
761
274
457
918
752
168
563
814
176
846
982
680
462
934
554
453
753
576
99
703
690
522
460
303
614
352
19
967
399
132
751
432
967
199
24
815
575
401
917
708
48
934
412
995
160
794
598
494
991
918
648
27
946
18
722
922
807
437
505
58
866
76
975
404
72
887
542
119
226
402
833
934
164
339
764
319
110
343
141
262
147
522
594
449
969
950
485
845
432
371
798
601
358
649
591
753
778
346
574
270
879
299
886
44
756
628
599
92
810
678
391
91
405
100
689
675
606
573
941
920
280
42
496
758
427
459
270
961
214
759
757
772
215
939
652
574
175
706
323
891
562
382
717
535
997
774
995
240
907
168
979
372
497
441
745
984
56
371
76
418
787
718
581
194
186
731
867
45
591
420
354
818
871
600
182
361
578
838
586
279
422
735
414
711
345
737
0
334
806
273
74
502
331
456
773
470
944
874
660
119
594
259
188
650
512
731
10
784
158
460
150
994
672
369
758
595
441
737
798
466
669
308
183
36
796
77
141
369
913
289
926
750
361
351
96
387
231
432
121
774
95
985
381
952
217
655
684
198
289
890
450
331
141
181
787
828
719
860
806
956
484
455
881
800
187
231
198
238
274
919
132
210
638
861
289
553
817
432
791
378
977
51
812
17
222
83
966
134
292
494
431
429
322
645
742
119
26
76
390
633
394
895
50
956
386
711
961
493
736
332
143
669
16
485
821
676
880
767
425
657
523
539
760
54
291
851
652
2
108
701
113
678
311
856
580
324
293
335
262
836
509
549
965
897
736
328
723
292
122
240
635
87
843
730
546
925
63
856
915
960
395
99
654
3
249
92
353
610
734
871
134
478
873
225
871
29
583
123
544
913
389
999
389
560
269
907
388
740
974
4
995
955
125
133
309
610
168
376
697
558
900
396
300
915
68
64
944
17
430
591
388
723
161
636
14
426
706
855
662
257
399
129
357
930
427
76
454
330
531
511
100
128
104
633
325
707
838
563
725
29
428
323
902
970
118
462
694
486
872
230
825
606
451
84
552
277
84
840
10
826
539
623
979
960
546
940
19
247
663
474
616
449
155
552
278
967
748
814
77
524
679
95
876
978
746
520
133
604
466
280
209
828
896
24
445
446
777
317
805
525
758
804
16
341
305
685
20
392
202
587
972
4
857
923
591
397
100
339
43
735
291
821
593
431
506
891
539
427
239
941
883
366
845
585
182
521
928
3
945
991
905
398
882
143
252
825
594
487
601
701
922
174
936
598
252
331
81
352
459
957
722
628
766
195
610
179
136
485
422
962
180
106
321
958
239
67
369
554
54
936
840
95
106
178
361
388
817
984
764
862
103
774
371
65
741
498
782
895
993
713
75
889
397
915
578
932
404
658
760
501
682
800
379
497
324
681
182
838
233
518
204
366
63
364
218
885
712
597
288
376
862
133
297
752
45
424
612
776
896
242
937
3
735
967
512
906
999
604
830
5
522
357
857
831
553
665
183
823
592
947
794
980
17
354
846
232
187
243
790
505
467
365
692
732
316
853
576
347
252
316
395
352
487
758
307
786
23
291
233
24
836
995
2
395
889
270
604
577
895
275
521
391
726
250
472
71
769
314
106
635
593
399
547
752
469
807
482
478
849
612
530
807
748
631
49
566
606
923
337
979
786
791
182
428
512
104
847
741
54
431
376
307
768
886
383
949
662
729
509
484
565
211
48
133
176
502
111
693
457
335
398
268
90
433
418
469
825
889
503
173
908
954
928
994
145
794
814
862
33
509
486
332
869
584
420
66
745
392
100
999
961
980
26
687
50
600
312
325
130
172
713
136
378
933
275
817
322
818
642
516
94
33
547
413
688
979
862
381
390
381
896
501
262
81
583
346
447
828
751
361
746
113
172
109
288
246
433
152
525
405
249
878
206
719
29
840
343
324
477
959
128
917
882
470
201
773
547
533
915
253
590
204
761
712
394
141
79
143
922
934
209
685
213
557
968
349
308
980
849
67
723
855
518
512
947
739
544
178
983
410
93
539
654
268
887
489
777
760
430
166
462
587
991
1
388
800
828
309
959
762
382
32
942
998
664
510
179
859
526
863
843
310
469
486
39
457
765
948
74
597
101
229
580
96
646
913
287
496
547
45
64
137
582
331
831
491
982
391
242
943
0
148
735
211
76
959
577
5
730
737
461
461
701
539
238
933
414
429
77
709
427
839
437
546
482
988
206
79
201
628
696
127
288
497
546
961
953
420
836
861
814
24
626
495
308
208
666
130
927
309
976
606
551
802
167
988
809
779
235
377
824
131
908
34
637
126
894
352
757
398
887
540
210
426
985
324
853
107
64
437
282
457
622
532
844
414
310
720
987
625
741
178
435
342
215
849
456
467
905
47
686
790
771
807
269
469
769
675
341
246
674
937
502
297
472
6
780
219
657
790
833
732
133
682
699
763
690
11
615
168
132
350
950
554
32
689
808
739
795
685
558
464
935
964
4
933
870
653
606
825
506
733
394
454
939
960
519
804
906
753
148
789
479
974
373
716
486
536
801
426
303
361
63
897
22
879
435
453
816
504
651
976
887
646
574
429
575
493
647
167
946
562
247
643
737
39
785
434
381
420
922
12
885
424
33
818
152
529
67
626
125
0
553
712
337
112
46
675
41
168
148
622
89
183
799
24
284
304
100
934
772
206
771
887
485
930
650
561
973
90
636
434
503
220
731
441
360
276
337
726
993
514
93
72
654
688
388
373
382
938
542
503
917
550
338
429
166
342
180
295
941
996
575
383
4
653
446
100
500
769
207
800
670
930
170
716
930
868
526
883
416
980
109
797
806
595
849
229
649
69
431
20
943
932
707
583
573
195
204
527
732
552
41
864
201
529
76
124
709
307
118
960
122
647
115
304
704
278
687
94
934
854
522
337
373
613
320
204
273
845
892
627
73
769
222
30
66
759
586
159
751
382
299
462
124
794
951
807
610
558
397
746
981
154
117
908
661
309
327
556
754
316
870
601
740
195
990
930
633
11
20
821
320
957
829
460
629
686
786
228
262
188
986
424
334
760
424
535
672
12
639
473
318
655
883
551
986
791
817
876
622
550
242
638
951
455
700
473
735
691
98
318
362
408
622
48
121
641
500
312
310
275
560
930
623
855
914
111
270
76
336
164
104
279
197
42
381
789
297
7
424
120
450
126
887
481
633
754
125
941
408
401
910
442
554
423
907
547
795
280
319
595
874
538
808
279
604
225
850
663
700
13
497
694
407
66
317
231
812
662
483
907
292
97
386
808
86
128
603
468
903
889
828
683
152
422
46
269
32
284
102
572
683
659
177
236
387
387
100
739
878
37
987
963
840
759
312
766
707
436
190
834
389
836
998
397
121
528
18
610
287
609
617
500
416
793
274
515
581
169
420
573
712
197
709
174
821
813
305
195
970
189
38
196
485
384
533
352
357
944
276
70
563
193
610
224
762
783
714
402
493
325
732
396
888
607
680
476
243
818
181
0
818
747
401
747
735
861
105
957
900
279
491
288
524
93
570
544
282
909
547
178
940
597
693
825
144
948
982
517
264
630
564
109
891
844
120
390
996
427
658
340
487
819
457
848
448
499
417
283
462
435
171
67
49
99
999
803
912
882
117
279
518
705
509
9
525
969
691
366
131
610
335
956
477
69
852
439
161
901
111
522
184
305
410
396
724
5
314
995
550
291
406
693
716
331
345
140
449
594
194
858
853
234
322
750
230
518
173
925
495
849
348
132
792
984
370
133
950
789
270
393
580
965
825
789
882
628
368
40
86
871
828
923
417
723
1
457
963
333
339
577
664
801
560
778
325
846
345
191
254
593
538
476
754
218
933
776
353
548
378
962
788
169
683
488
623
869
29
70
355
665
856
772
358
740
914
76
679
485
217
586
708
555
992
517
446
40
948
269
8
412
447
724
372
70
197
962
583
760
29
604
550
116
346
830
648
17
83
505
286
475
216
509
233
482
542
43
730
641
436
524
272
602
847
630
509
608
931
321
722
317
667
636
84
733
554
942
847
50
475
266
667
842
231
793
756
942
301
606
374
444
550
671
879
567
353
544
639
797
564
716
7
826
269
230
654
316
344
708
346
854
2
582
805
288
501
910
517
407
116
552
304
321
98
11
647
124
246
353
291
335
898
708
718
641
972
705
420
576
700
137
849
45
775
470
612
807
388
739
836
877
877
247
146
360
240
491
400
919
774
665
992
669
315
264
680
944
648
710
236
979
726
341
605
767
716
201
464
766
66
800
810
488
670
315
683
865
23
229
808
666
225
417
430
926
625
225
796
289
369
380
816
436
877
911
404
68
175
840
594
284
672
790
614
672
857
405
396
124
81
681
321
443
319
33
222
452
218
838
978
522
478
644
639
308
731
8
888
60
545
474
234
467
390
509
201
229
996
189
923
569
932
16
699
396
815
264
143
806
607
992
987
861
57
149
809
401
750
967
705
920
186
680
774
330
292
700
601
487
687
130
138
920
449
506
780
500
442
815
433
764
655
751
126
585
456
408
127
44
750
301
582
422
426
362
232
873
337
212
392
447
500
949
769
41
160
598
414
563
664
717
724
782
884
282
11
806
460
116
320
709
133
626
23
175
632
375
391
312
535
69
462
635
737
389
7
317
640
381
528
529
449
259
113
68
628
466
266
4
893
66
45
621
490
501
380
156
141
439
660
79
852
934
242
180
976
987
508
810
659
582
363
869
269
217
855
46
416
750
900
954
314
770
652
218
460
590
782
635
25
228
141
286
73
647
476
43
223
766
552
801
567
106
702
657
331
462
903
285
56
63
392
802
253
531
887
853
108
503
668
486
628
203
868
798
334
153
452
14
62
311
116
251
301
961
873
565
813
818
135
639
780
668
71
524
508
446
726
399
314
181
22
411
494
623
801
389
194
804
538
487
743
693
639
406
989
330
52
95
393
670
57
877
171
774
344
390
848
866
767
639
78
283
141
716
438
230
827
356
263
127
111
685
321
314
185
892
38
805
424
584
24
194
709
752
935
692
859
577
777
168
844
108
591
334
400
768
246
96
762
140
803
523
163
663
283
523
283
852
818
619
484
200
626
53
218
462
126
911
880
21
607
984
413
24
559
505
183
766
740
246
118
467
967
567
924
311
390
770
387
110
975
108
809
943
86
936
176
192
457
327
448
331
777
505
160
586
108
602
954
48
177
800
568
211
723
940
244
116
674
455
884
705
814
855
749
182
333
323
103
807
687
707
378
105
841
179
935
674
255
145
490
477
85
597
478
994
695
497
746
398
831
305
83
663
295
477
738
579
264
949
447
154
538
228
870
848
13
479
513
919
832
224
110
285
263
38
379
122
858
271
831
541
132
305
458
919
426
838
984
632
741
110
353
528
240
473
829
897
14
133
831
635
326
100
447
536
177
242
492
882
310
630
514
529
51
695
712
929
102
369
773
739
668
823
357
443
987
667
310
882
835
660
288
117
43
983
908
358
865
426
971
10
497
885
819
946
794
274
406
61
644
982
939
294
687
664
457
858
553
441
609
37
438
373
444
341
477
649
517
247
800
525
895
457
524
757
82
208
74
330
99
435
885
158
857
360
868
464
583
717
299
300
335
961
285
303
555
500
941
818
770
764
726
36
505
161
78
301
720
796
106
944
743
83
383
321
984
760
861
616
822
180
240
924
175
318
810
579
270
536
635
385
548
299
122
175
272
969
201
286
156
788
76
220
218
558
210
302
319
456
744
231
959
319
514
400
129
835
715
281
468
74
342
582
970
613
206
485
524
481
123
119
430
865
670
517
333
322
168
38
174
239
102
214
937
726
839
152
437
610
440
48
421
186
736
586
772
531
696
535
589
977
590
313
591
772
314
756
127
56
567
640
870
965
790
260
396
905
592
854
724
802
395
544
98
929
143
213
931
939
49
844
420
490
304
324
998
851
702
577
728
193
912
397
341
322
634
322
904
112
733
207
621
939
27
458
626
573
708
150
38
863
225
797
432
730
553
479
323
512
499
947
33
843
523
932
70
134
424
144
726
51
110
934
73
845
215
734
597
304
695
262
693
853
384
497
970
858
443
282
551
529
336
90
561
800
376
814
542
521
761
957
517
875
922
553
103
945
880
107
996
592
24
52
345
367
725
73
304
18
36
110
209
744
119
951
528
143
799
19
95
667
677
554
629
182
259
296
743
29
910
570
270
55
430
433
681
620
418
213
868
339
678
747
369
596
254
338
847
95
239
858
376
125
476
982
111
326
559
268
105
418
696
907
27
60
307
188
5
731
901
92
22
91
671
616
184
589
118
778
821
866
498
356
809
813
429
314
170
105
383
213
382
800
368
157
804
655
629
278
166
350
815
678
356
836
832
318
117
826
823
824
218
879
262
408
363
412
82
413
710
769
410
50
773
464
788
152
832
871
797
71
555
28
304
196
320
45
168
325
872
781
521
51
734
6
572
551
621
739
713
864
796
12
674
340
326
528
93
981
735
958
259
38
340
77
15
894
362
405
41
516
305
685
27
828
458
103
355
264
407
440
571
347
187
284
93
514
98
642
619
756
369
843
118
827
537
945
334
580
784
822
161
411
977
674
735
546
709
706
125
364
858
997
408
261
571
944
709
181
992
124
206
148
983
206
368
496
707
144
147
780
660
415
129
939
831
180
699
854
200
103
48
843
725
952
247
799
797
872
144
588
688
824
734
550
288
639
47
970
721
786
79
353
149
752
129
668
820
772
552
656
338
494
877
100
0
987
546
176
176
860
679
392
179
957
746
145
621
487
620
588
228
816
722
873
412
152
1
573
975
776
822
183
459
831
252
175
988
541
567
633
412
915
945
889
768
34
827
910
549
540
671
860
186
776
939
476
0
81
169
271
872
425
380
156
59
978
397
750
72
726
775
433
673
799
928
14
71
705
297
845
32
39
368
170
405
739
332
555
393
522
944
786
631
248
996
550
867
87
728
678
948
182
138
865
520
416
498
111
249
913
980
669
262
208
998
543
933
682
235
62
303
372
759
780
221
371
12
902
234
455
172
690
320
149
128
240
744
188
880
166
4
970
900
966
288
720
506
411
664
643
721
900
531
45
398
328
849
523
437
771
208
592
386
152
973
467
416
359
530
220
954
336
587
484
120
737
925
461
653
381
40
496
134
302
644
102
765
140
571
729
855
206
302
764
538
608
770
272
715
118
988
600
648
888
859
199
673
614
77
769
620
398
45
175
18
524
603
623
884
569
988
148
513
47
883
913
756
243
584
604
706
132
160
96
313
28
926
155
96
412
881
194
642
117
741
754
188
308
526
369
666
142
11
3
933
157
319
201
216
881
134
31
339
42
550
461
655
68
739
225
890
276
168
506
374
299
738
832
198
961
999
314
840
492
864
816
673
960
139
3
981
753
916
721
998
279
52
661
728
265
258
415
66
606
394
456
823
647
651
144
566
41
766
116
558
962
779
10
190
66
30
910
772
732
506
674
877
300
28
346
477
747
292
262
135
825
248
707
118
970
249
724
621
133
265
717
556
465
837
73
516
944
376
428
126
329
489
259
366
816
230
146
198
281
192
670
112
613
808
909
203
484
3
739
354
844
98
207
690
392
429
789
651
557
490
116
696
1
296
138
362
332
336
911
74
812
86
376
214
979
853
693
982
580
1
885
31
807
561
656
703
240
724
78
794
350
610
910
565
539
671
345
497
376
28
936
875
387
719
946
161
883
852
603
407
755
876
994
186
445
108
586
925
145
433
924
955
870
907
730
92
912
599
206
675
963
306
732
23
767
306
782
713
844
439
703
317
448
802
426
557
903
893
500
570
418
884
143
340
379
242
480
828
263
215
419
768
437
704
261
527
815
215
883
61
175
405
969
673
972
269
445
150
420
763
350
975
244
645
151
662
934
873
512
142
842
127
279
615
632
384
234
515
36
519
312
671
675
7
593
787
278
309
612
174
957
959
536
827
750
365
196
369
846
519
858
58
302
24
609
97
633
665
507
2
878
905
503
741
169
195
520
627
495
265
317
644
498
184
210
704
401
771
590
412
987
828
839
952
477
905
139
295
627
100
224
126
892
373
183
208
809
779
604
977
390
793
553
10
586
534
668
764
836
832
782
249
719
841
381
319
839
850
124
326
980
399
673
373
806
700
448
512
930
567
686
508
605
861
145
990
21
801
494
593
640
130
746
766
191
597
469
9
963
179
188
513
388
669
894
816
222
204
458
828
732
525
823
782
721
214
515
41
861
242
184
821
196
27
828
428
814
993
232
988
370
61
555
679
572
11
608
719
913
56
973
70
369
784
517
709
196
907
153
355
720
504
450
736
138
195
202
131
786
387
316
113
988
743
745
151
508
155
285
162
298
429
353
420
318
165
490
554
358
308
377
396
934
164
220
516
431
616
878
275
331
837
747
360
848
946
878
994
195
524
78
112
431
349
254
495
782
189
676
468
478
866
877
59
168
724
639
151
221
52
463
531
930
559
603
520
926
541
442
240
890
238
355
355
776
847
700
719
286
769
461
957
469
36
636
281
805
154
65
291
292
110
860
772
855
927
110
811
304
872
454
193
176
810
701
633
438
571
780
716
849
513
212
643
883
354
5
503
326
582
540
166
67
175
879
142
401
15
243
799
235
899
64
660
126
983
146
739
161
410
948
613
509
491
976
40
911
668
170
363
163
294
854
665
379
942
87
753
585
358
658
405
386
359
489
651
67
125
708
585
632
99
957
44
98
633
19
9
385
603
378
5
75
44
481
259
700
651
188
989
54
885
994
669
290
531
778
444
120
837
850
738
876
918
928
375
705
634
356
1
82
862
245
79
775
976
876
78
445
855
718
434
105
683
573
519
894
775
577
56
197
342
483
584
860
692
811
943
210
279
915
655
650
462
683
735
838
928
174
64
598
416
277
479
666
840
234
466
548
996
368
471
465
96
505
929
193
556
856
355
748
119
608
658
840
426
972
95
561
206
265
818
88
744
65
949
616
300
193
448
244
641
694
480
348
716
259
166
586
190
213
725
248
562
563
356
653
394
224
13
496
737
484
292
19
327
114
172
395
472
723
679
615
238
234
541
64
976
73
39
232
355
564
595
125
248
588
443
120
14
616
849
521
682
79
558
830
428
56
980
700
691
470
336
469
92
198
148
618
351
187
947
891
586
956
319
588
210
244
735
522
783
690
237
239
824
586
808
906
855
820
708
483
222
603
643
717
817
929
534
277
774
593
876
34
267
501
447
173
943
769
402
243
436
55
7
576
411
453
585
271
264
468
894
791
23
970
711
984
880
299
899
791
39
731
696
237
23
679
803
831
103
620
267
306
325
152
729
181
619
112
90
587
320
130
880
89
448
636
542
461
214
852
714
240
169
489
400
254
92
266
181
379
507
6
737
143
579
787
9
261
553
675
339
161
534
996
675
472
313
879
486
821
373
356
189
961
116
507
564
706
725
638
107
120
202
509
109
596
637
66
424
49
244
238
236
471
194
396
95
221
824
197
248
72
220
19
498
546
993
105
420
396
15
539
151
614
629
771
263
142
251
691
749
496
653
882
573
102
901
184
156
712
191
300
188
397
628
345
90
378
607
52
783
762
836
241
79
983
386
574
967
904
950
736
338
651
666
829
493
349
566
354
145
272
710
814
481
388
547
134
381
865
927
98
895
884
603
920
396
369
75
688
876
943
109
32
973
282
101
592
493
613
645
961
319
326
675
649
961
510
243
90
59
441
383
445
42
251
812
512
645
636
383
328
0
894
112
83
943
716
470
596
725
933
138
892
439
249
544
631
810
403
756
446
780
792
33
275
401
223
504
90
36
977
767
461
929
99
192
920
272
537
211
479
389
526
894
637
766
513
164
31
101
810
973
568
703
630
933
454
804
103
798
324
351
839
306
969
680
542
355
945
256
355
158
867
877
247
769
747
535
544
384
873
722
956
558
121
957
460
761
60
898
300
55
416
575
696
544
715
85
80
924
621
159
799
607
63
164
361
697
606
713
860
443
629
985
864
487
138
710
577
663
927
221
165
17
468
428
41
650
779
631
745
528
12
980
528
780
354
348
236
392
502
307
933
973
451
553
271
513
713
562
231
174
798
195
923
438
346
134
628
790
689
160
440
345
14
992
219
831
246
643
951
413
715
526
564
607
11
675
785
2
776
153
763
295
633
829
669
613
816
421
1
759
421
862
246
862
356
899
579
839
154
850
459
864
661
314
41
367
125
256
957
333
854
858
7
953
143
19
212
687
944
984
496
810
703
586
883
879
596
749
334
45
550
192
583
626
589
655
211
975
129
550
908
191
75
22
587
468
186
244
696
811
161
792
935
129
944
764
709
973
895
718
468
152
746
247
324
890
577
965
643
543
39
933
237
810
94
493
383
161
905
410
440
753
427
245
169
291
534
179
727
799
245
789
527
792
878
405
89
929
306
467
232
646
320
135
881
269
241
623
297
438
589
235
172
754
373
319
604
104
778
41
343
558
471
452
540
221
458
252
159
557
521
50
131
556
186
538
951
425
603
500
28
477
276
96
262
669
393
190
137
537
733
372
142
760
227
625
101
696
750
186
221
136
796
178
979
169
766
112
736
909
636
179
758
78
455
185
715
898
478
233
455
949
437
85
579
231
3
37
522
632
234
495
372
338
309
979
513
614
709
943
859
969
628
758
231
736
62
886
950
385
757
169
502
700
76
980
982
339
653
615
211
838
839
589
348
377
602
389
652
410
806
239
889
861
235
531
217
643
17
630
789
387
884
846
16
7
352
905
393
994
331
793
759
584
939
458
292
551
213
775
414
309
368
98
266
922
874
299
969
383
689
739
160
703
884
456
987
85
651
667
186
422
788
505
622
840
664
752
221
699
885
315
68
920
621
430
373
263
863
365
306
237
660
419
704
213
613
87
967
774
571
124
681
926
608
888
209
198
284
469
326
438
354
615
144
81
540
573
699
77
355
3
529
948
964
231
165
574
223
171
229
611
930
18
303
819
742
886
256
248
361
498
440
463
956
324
194
795
548
445
371
98
30
523
273
652
615
855
694
985
771
35
837
595
991
214
188
260
440
875
218
440
597
542
35
550
930
289
793
523
519
855
462
144
473
671
120
646
79
322
84
263
607
584
182
350
770
464
807
185
549
503
880
453
218
731
990
484
510
632
78
587
540
962
915
39
794
461
982
225
35
554
70
462
917
386
840
964
195
335
808
842
749
921
513
896
359
775
593
127
63
439
673
74
915
48
315
685
11
181
28
541
842
821
725
720
251
817
717
686
410
53
481
560
320
250
414
768
139
507
5
890
558
71
457
697
164
743
654
300
667
785
450
978
382
516
64
253
691
452
970
227
311
192
287
674
607
346
670
533
896
647
562
490
25
624
638
95
487
336
331
412
905
799
463
313
446
919
976
515
452
373
554
460
706
217
565
369
552
337
626
816
645
499
239
961
561
394
145
604
605
699
386
555
703
185
540
17
42
661
757
348
582
162
443
415
155
944
521
836
932
319
418
704
922
255
885
878
398
485
698
256
380
592
501
883
404
173
712
27
162
728
110
63
960
140
333
822
131
541
843
883
123
891
437
909
407
226
523
593
65
432
576
476
197
359
529
555
416
732
500
134
14
990
611
357
764
595
17
337
624
63
20
558
334
391
100
375
532
845
586
843
920
812
780
151
120
767
433
812
211
333
984
362
718
672
14
933
73
854
775
311
539
687
20
526
67
889
614
439
177
896
378
67
461
169
870
561
894
633
115
669
861
650
731
663
147
886
940
807
495
215
142
256
533
174
146
458
964
730
676
900
439
283
610
857
478
783
125
219
549
197
583
990
574
161
333
918
387
328
960
539
774
940
215
380
172
705
415
106
727
225
309
950
860
262
403
46
597
206
689
28
31
283
558
415
550
779
943
630
207
349
744
770
182
798
113
284
778
51
178
999
662
656
258
246
737
512
516
777
40
189
891
820
731
603
328
897
661
456
201
840
127
655
604
451
128
597
677
799
118
331
964
511
368
109
58
603
511
530
118
274
865
990
619
124
24
220
892
931
307
576
770
906
580
300
565
543
314
577
74
149
407
784
476
797
349
337
38
998
372
932
480
538
959
903
320
395
272
87
122
93
257
330
875
958
980
229
987
84
581
249
497
254
615
75
523
550
636
668
782
405
730
222
587
416
810
657
395
249
978
973
300
736
109
112
228
748
729
738
405
196
66
94
858
963
853
148
321
316
863
94
897
890
207
256
294
996
738
251
803
766
934
835
344
523
528
816
332
722
138
242
228
775
503
633
396
283
521
139
493
646
493
879
248
516
341
9
98
750
895
655
297
419
76
452
46
431
547
843
947
26
270
47
807
259
694
816
607
455
163
0
72
173
126
558
258
508
187
347
903
623
497
875
116
143
860
487
679
746
261
561
858
195
407
271
367
170
805
867
13
342
307
570
729
304
354
636
608
249
481
948
252
174
896
352
61
35
654
187
314
302
365
609
641
230
740
227
771
572
838
516
387
504
465
578
9
831
210
585
2
587
174
917
866
972
972
566
652
118
42
457
504
474
853
597
895
58
213
43
292
607
856
225
300
429
829
336
399
482
716
149
167
995
668
941
800
199
973
965
504
344
128
321
137
719
620
635
477
999
218
198
610
661
522
195
110
70
343
276
492
138
801
808
87
944
114
598
591
49
748
733
186
361
160
387
44
36
857
572
266
373
131
830
276
733
334
594
897
770
96
718
823
454
457
545
539
298
576
46
342
258
207
325
825
746
603
382
162
969
822
992
167
589
472
193
786
368
387
630
70
34
926
333
801
94
741
313
91
81
102
103
638
640
95
166
574
234
439
692
138
607
674
983
644
822
817
128
974
885
841
711
525
364
658
915
474
107
307
569
30
782
189
935
630
93
757
185
608
257
29
283
957
652
565
368
112
873
886
363
381
684
456
516
949
890
797
606
297
548
181
502
741
816
83
62
183
753
367
275
360
176
22
244
779
283
319
476
83
237
847
746
658
477
824
463
287
668
293
975
903
785
681
579
559
759
713
894
33
370
935
375
286
278
976
551
171
289
56
372
790
338
157
244
627
985
369
702
274
216
852
869
259
731
729
695
381
884
687
189
555
706
300
852
169
779
669
764
805
240
729
853
793
296
414
643
984
311
115
354
671
216
89
98
46
609
308
553
127
390
134
597
534
369
901
881
977
824
628
98
66
783
888
458
603
392
204
685
834
32
151
346
493
275
371
748
47
723
538
58
740
637
92
348
161
973
244
303
776
484
524
586
210
574
686
994
61
833
557
395
457
338
163
272
781
698
516
565
991
386
834
618
652
682
123
563
501
216
200
534
347
527
319
916
596
350
804
468
31
755
259
453
468
431
440
530
367
180
555
947
942
524
446
145
393
276
161
17
562
105
705
422
805
882
348
664
65
694
824
161
863
991
236
426
964
591
567
721
106
881
200
110
675
540
989
286
672
563
200
0
687
961
527
86
747
171
235
454
793
430
627
321
704
68
170
468
144
408
262
949
111
890
915
624
303
215
375
891
68
152
607
294
932
111
34
615
800
181
516
101
131
695
462
4
720
138
724
849
313
20
775
54
517
221
612
247
649
111
420
382
338
810
270
196
690
499
426
602
610
389
479
471
303
240
104
162
104
585
706
962
22
107
257
915
485
53
883
789
410
563
933
848
109
1
989
426
833
309
735
909
618
437
556
618
478
289
232
786
839
186
211
87
392
427
619
78
734
487
840
944
153
987
856
417
187
582
851
56
32
342
826
832
287
428
467
879
928
683
824
141
630
412
249
87
719
518
679
125
937
861
507
528
623
880
502
185
476
639
322
510
672
405
161
477
801
626
845
782
100
269
687
923
276
432
275
484
474
995
316
377
861
134
893
479
204
745
712
751
370
423
849
867
544
154
269
378
442
224
304
438
315
743
997
868
530
573
266
612
697
251
706
890
995
962
452
852
455
167
692
452
514
571
401
792
545
486
47
345
975
573
141
81
836
345
226
680
471
91
340
232
678
757
161
224
387
698
857
822
40
272
483
128
654
957
552
69
979
448
685
688
195
258
405
829
32
92
982
566
668
938
138
920
38
297
825
674
340
85
997
150
800
270
422
587
718
380
703
370
93
792
745
456
916
485
590
619
678
847
401
704
481
227
212
908
812
431
906
505
183
331
206
252
215
377
516
909
962
264
862
951
472
119
617
896
978
928
874
43
959
483
987
540
293
765
98
11
438
32
444
21
267
573
806
896
404
655
532
142
897
266
326
723
643
876
759
298
246
419
183
580
467
951
844
259
513
520
317
703
764
51
847
726
969
106
563
969
664
714
840
837
59
201
533
183
238
983
994
684
376
252
895
528
897
515
372
781
36
925
299
38
743
449
588
628
688
922
695
481
163
705
175
283
777
581
213
947
603
209
210
815
511
117
833
69
426
751
108
993
855
35
230
961
39
32
969
6
849
942
401
790
708
325
337
272
867
847
4
287
416
633
126
187
588
629
37
276
29
244
114
825
145
906
972
768
419
922
895
574
900
245
329
377
51
117
957
564
704
830
996
59
301
879
64
800
566
637
531
573
163
425
592
171
947
219
607
874
828
479
335
850
80
375
575
378
817
401
501
958
153
826
259
470
987
883
175
621
430
844
18
968
619
270
804
432
253
349
966
817
545
677
623
555
350
36
987
744
502
273
800
688
405
60
851
386
146
358
443
892
188
418
420
892
902
300
848
207
846
368
792
19
99
270
161
145
997
93
325
317
777
446
215
256
605
683
971
253
321
863
684
587
871
991
640
363
852
114
418
138
839
509
47
721
585
90
947
115
798
873
333
55
723
871
8
671
456
775
875
408
464
735
83
883
535
588
263
283
484
320
276
600
527
931
442
587
44
511
279
395
88
633
739
271
59
885
972
909
455
577
427
307
169
620
118
532
725
392
623
141
991
911
781
704
535
258
601
864
620
919
588
951
692
788
183
933
378
295
35
449
586
791
779
757
666
713
102
949
849
52
201
312
668
582
660
763
510
738
132
922
168
81
138
488
225
682
289
824
216
757
422
277
392
52
763
687
363
283
484
592
962
142
765
294
220
413
403
665
589
84
91
247
112
774
489
910
560
355
666
386
980
239
955
575
906
613
427
146
309
380
238
115
521
400
996
701
758
260
401
961
235
703
518
448
358
85
569
160
129
776
600
641
950
254
291
104
183
732
267
300
191
131
477
215
165
26
788
503
803
524
342
245
401
628
902
21
911
646
138
920
83
840
365
270
120
89
687
752
840
824
763
437
570
440
610
788
327
610
255
786
514
916
50
843
295
889
945
278
654
169
788
68
671
603
911
537
583
880
230
751
748
697
75
199
486
60
644
1
999
442
491
526
692
229
110
52
684
144
32
186
945
143
175
525
324
818
176
594
846
308
71
996
268
624
116
113
778
750
418
760
660
506
274
53
777
261
240
672
593
513
67
835
712
903
859
947
571
700
542
713
819
827
732
961
855
804
476
290
999
118
910
703
815
408
363
45
384
431
761
7
837
507
99
895
828
26
160
958
427
321
147
749
286
744
28
12
150
365
733
267
572
12
87
207
527
758
429
72
770
624
289
97
721
102
694
695
37
470
999
685
933
985
270
447
440
136
911
94
657
132
373
396
98
665
821
384
580
323
434
820
830
114
809
717
340
202
102
147
490
670
430
993
689
157
943
439
416
629
396
583
831
552
174
148
281
316
48
386
320
496
481
562
101
948
599
148
583
871
786
818
516
671
806
18
782
765
646
709
688
694
565
894
689
305
286
653
768
518
304
796
345
668
426
993
294
950
77
638
594
870
657
94
314
299
312
864
557
359
843
824
901
812
97
413
270
232
919
621
79
366
189
472
47
391
805
627
994
793
185
707
772
887
613
781
957
689
963
371
917
957
446
778
345
310
273
490
871
868
888
885
143
804
671
772
843
378
906
862
961
924
773
842
77
768
765
504
460
289
142
115
791
502
47
377
484
292
203
518
812
909
297
397
528
16
14
25
869
35
929
987
58
103
983
37
959
827
905
775
480
323
67
711
130
866
990
854
886
406
64
89
204
980
162
229
209
803
82
295
356
932
826
338
325
170
25
554
655
767
41
993
545
632
249
440
607
82
835
489
294
149
400
834
183
399
19
573
803
972
339
917
25
869
229
211
747
974
10
322
200
757
165
144
126
528
568
926
221
413
286
754
860
24
52
587
374
417
548
508
565
412
850
197
387
269
755
182
108
443
810
77
112
356
485
330
31
937
967
921
766
980
104
168
609
615
762
682
961
207
949
163
696
553
205
709
675
484
466
18
672
583
665
59
703
356
121
312
13
333
528
521
983
901
423
140
973
51
267
960
151
107
566
626
732
141
134
230
984
98
412
304
805
412
183
171
542
941
945
666
232
731
858
485
946
154
669
503
791
539
976
229
641
148
263
265
152
232
195
808
827
88
783
512
54
257
268
127
757
456
813
624
952
924
933
383
983
483
640
598
544
63
56
569
686
58
353
640
540
424
246
226
347
357
829
234
601
294
656
373
963
244
958
1
380
86
562
213
445
486
426
500
351
920
346
27
799
958
594
358
962
863
46
6
874
505
940
414
271
940
451
326
801
737
666
271
828
635
615
15
477
229
793
560
509
949
448
157
516
199
963
452
279
772
114
402
61
61
494
883
527
226
53
905
238
136
371
488
785
531
333
799
943
704
191
785
417
838
97
13
396
989
885
538
302
152
876
943
822
943
82
58
777
961
999
536
427
264
255
597
147
349
20
308
802
829
587
72
188
284
557
852
23
537
766
120
13
314
283
125
93
74
975
12
767
495
119
609
615
409
184
126
681
441
813
789
734
918
629
133
270
525
764
970
775
442
464
54
500
418
423
180
833
227
431
398
414
262
79
789
539
484
236
26
331
167
214
995
212
282
413
568
286
188
645
862
281
0
50
547
28
864
680
611
259
180
689
531
817
470
677
940
727
400
245
67
147
272
25
646
732
858
19
633
268
598
35
833
432
668
811
233
965
133
806
124
147
564
669
538
174
173
475
966
962
693
954
903
887
507
180
966
813
45
975
631
122
237
827
84
906
365
717
558
158
784
617
693
760
12
507
970
861
669
703
739
820
132
91
543
647
168
377
682
0
403
793
291
926
288
750
157
175
403
255
91
23
154
761
799
154
778
787
196
663
870
355
866
135
108
831
419
468
399
983
492
92
420
897
925
632
319
364
261
200
790
57
56
154
122
486
122
410
353
846
240
468
462
558
693
760
709
568
242
262
121
125
594
682
513
463
965
369
675
829
107
501
463
275
724
316
416
641
381
632
846
930
710
339
447
736
602
114
255
909
150
348
798
837
925
386
561
883
499
136
243
138
217
317
53
973
328
152
772
368
730
947
835
272
869
749
368
448
409
331
923
679
629
686
740
678
693
843
68
230
198
110
992
113
773
984
585
199
613
940
7
181
895
972
55
89
799
809
82
552
204
339
352
380
56
413
269
576
537
949
771
326
320
339
432
412
232
792
314
217
281
368
248
422
501
651
474
275
2
272
756
735
578
859
111
269
623
537
784
523
675
161
797
140
311
46
853
521
786
354
120
739
620
533
167
269
748
183
149
175
799
66
870
53
322
867
694
50
946
706
230
647
217
887
738
161
436
560
159
530
899
9
115
694
504
939
213
960
36
24
903
886
166
454
912
395
37
362
295
875
224
742
861
836
852
398
579
324
78
152
492
357
466
187
36
992
460
193
449
105
500
655
952
183
431
180
987
943
987
136
730
113
547
112
480
883
700
687
999
780
279
735
846
524
961
272
850
459
135
80
947
911
549
116
673
825
41
325
206
250
244
239
581
346
585
918
964
874
921
770
606
363
125
92
988
846
750
977
685
669
762
559
91
345
559
166
905
254
29
913
762
700
79
973
290
376
899
905
971
498
874
454
473
888
898
184
767
275
778
734
62
648
461
695
578
49
642
126
648
661
619
303
389
46
38
202
993
681
937
992
468
276
961
803
527
155
692
611
342
291
188
302
500
866
239
960
184
190
182
339
830
150
83
336
137
798
631
47
288
495
730
739
735
558
12
906
464
107
491
612
881
510
862
162
911
781
922
1
155
72
531
406
844
345
581
420
598
606
875
651
401
497
200
580
597
66
900
411
68
978
401
836
632
380
950
121
368
528
756
570
661
527
312
950
705
14
392
442
442
716
522
184
788
814
617
889
957
46
464
685
892
679
876
570
692
645
806
476
174
762
806
364
573
523
350
620
662
445
686
858
351
674
595
835
63
792
374
378
263
884
50
889
343
35
494
279
628
417
588
546
489
517
792
183
379
325
973
624
354
606
213
69
620
391
552
54
4
990
751
240
972
27
504
742
62
924
717
530
857
640
120
444
241
112
18
770
344
331
13
889
117
913
846
115
786
610
887
617
850
184
843
234
154
754
644
685
80
603
362
68
641
858
268
538
983
547
212
742
43
470
574
136
215
534
345
443
0
373
833
483
234
598
940
66
428
715
20
950
893
80
596
44
951
912
399
219
426
502
381
354
365
38
423
644
841
86
589
142
654
87
358
245
250
672
144
845
183
85
688
560
389
580
477
484
904
8
80
440
283
177
726
39
508
932
905
646
882
95
812
939
757
528
166
911
157
62
912
789
893
176
978
795
921
773
179
817
630
188
384
104
121
452
799
869
682
342
796
701
386
378
828
971
92
0
464
584
904
873
892
290
573
364
185
960
768
780
231
117
800
322
655
212
740
656
736
19
711
62
376
626
562
664
646
13
987
175
429
392
837
191
244
148
552
625
804
383
602
474
281
400
166
116
205
251
868
99
561
145
193
18
197
29
849
895
90
250
850
557
509
417
299
785
87
801
700
999
908
183
560
869
865
17
24
872
81
966
858
310
417
473
506
132
778
5
79
1
103
274
634
714
888
600
490
175
127
564
204
894
1
201
705
271
102
497
983
192
836
660
293
498
337
936
641
995
144
210
13
589
519
780
834
583
486
608
75
794
650
691
557
783
322
373
261
895
2
776
195
811
759
663
453
853
169
577
367
727
520
790
874
482
520
177
258
930
959
126
413
56
369
543
33
200
153
122
917
173
691
197
122
297
407
20
475
17
185
378
459
584
703
678
46
258
643
976
27
588
466
637
488
363
580
423
751
818
740
360
983
752
882
440
542
746
775
877
494
380
473
659
845
349
392
605
306
636
80
866
804
222
904
875
285
794
698
507
607
606
68
96
774
266
711
666
6
926
126
98
38
712
8
685
926
944
858
785
428
856
375
638
565
630
905
136
411
876
261
613
42
898
857
290
223
258
897
371
915
597
763
106
100
836
656
128
180
353
804
226
815
838
423
261
599
910
373
437
938
659
691
963
343
328
99
997
964
24
514
226
676
959
655
814
295
720
863
995
170
158
207
961
328
718
242
647
737
220
644
354
331
102
229
189
38
663
986
226
556
308
520
80
545
436
810
926
703
83
966
774
461
240
779
278
225
848
734
507
355
858
861
486
284
381
771
796
40
966
749
312
24
71
764
348
786
892
204
169
868
327
653
291
703
615
736
792
993
796
388
801
910
415
137
922
656
888
332
999
500
135
589
848
14
719
910
927
280
951
317
295
191
67
267
311
623
595
262
303
744
579
115
827
633
619
552
77
924
231
282
816
650
433
674
914
640
877
509
585
146
374
132
81
303
671
201
941
725
629
276
477
823
659
109
286
68
726
458
856
338
466
107
740
266
956
444
917
174
385
771
961
352
215
603
327
765
651
272
763
290
691
507
927
197
485
520
293
608
359
943
419
537
401
416
141
205
96
843
753
350
300
950
871
643
900
952
856
528
40
646
697
213
127
579
600
835
490
550
134
651
976
830
253
553
988
705
259
98
381
782
880
530
356
495
541
842
915
604
749
8
780
611
72
398
111
924
926
559
16
53
665
143
865
681
798
651
699
518
46
658
403
910
471
74
811
902
296
85
350
254
877
549
568
41
160
830
653
710
361
427
625
237
223
108
144
326
359
22
687
358
20
372
818
147
33
196
63
91
179
517
355
104
369
656
548
999
800
804
359
72
922
886
395
432
16
649
534
566
424
251
318
779
184
808
418
381
787
114
266
798
563
129
452
552
913
528
313
828
313
624
903
420
345
849
784
317
891
110
587
168
576
384
178
219
872
78
291
4
288
668
787
646
3
457
992
39
684
293
669
297
122
443
788
360
693
387
767
227
105
451
151
942
352
631
65
7
829
839
126
144
806
160
674
916
457
582
623
205
651
8
410
526
60
956
654
541
751
268
0
83
785
409
747
430
384
128
229
55
742
58
441
896
941
288
190
704
757
894
129
194
37
656
238
986
598
171
901
810
862
653
891
693
236
31
653
378
255
473
364
930
635
783
590
165
14
979
353
994
680
100
358
422
90
149
379
807
849
640
833
57
395
933
992
448
169
141
751
568
645
660
920
18
478
839
291
287
673
554
322
121
106
445
222
272
620
328
968
699
869
460
50
600
206
892
143
630
937
412
287
984
723
608
24
357
109
361
26
870
285
28
545
543
90
723
769
865
153
960
125
727
585
806
752
800
478
242
96
405
995
59
807
652
145
702
788
340
544
29
713
489
779
577
614
370
793
805
575
57
545
277
186
611
798
631
971
753
883
160
819
526
513
74
222
562
662
717
235
479
672
604
266
994
570
73
106
531
87
107
120
744
373
135
934
191
483
965
571
523
350
213
496
401
528
298
275
676
979
125
911
173
20
621
500
431
171
85
579
610
946
358
644
254
541
855
371
891
257
154
17
678
135
666
527
486
722
346
8
992
895
863
807
408
62
696
759
657
278
804
274
7
757
61
524
186
904
684
712
254
911
550
603
57
213
477
760
429
183
378
364
711
163
721
828
286
139
989
523
192
146
190
647
313
310
801
966
878
182
31
854
481
342
351
458
933
353
768
28
693
638
634
47
536
863
725
164
800
469
205
336
131
592
524
139
401
806
240
12
168
281
767
211
588
622
71
775
618
114
819
841
399
992
667
665
445
562
827
384
62
444
359
574
236
151
621
868
104
548
516
764
865
430
156
112
247
230
462
880
160
313
140
465
19
21
804
122
612
388
138
112
768
632
548
213
537
151
153
940
300
785
684
696
816
888
158
101
482
982
658
399
575
22
637
74
609
140
686
922
718
190
698
580
269
935
875
293
339
946
257
905
989
636
737
574
535
165
430
475
668
944
805
787
150
640
374
598
649
709
264
401
715
376
779
77
503
972
524
454
146
910
996
533
597
398
50
72
108
29
787
672
606
745
359
867
143
288
413
412
202
658
802
728
755
145
742
801
524
693
759
936
966
211
826
39
594
238
543
621
56
809
973
885
376
196
854
761
312
877
676
571
454
160
108
901
261
418
946
402
813
995
85
44
310
274
204
390
877
965
145
789
171
857
661
291
250
743
68
492
922
576
314
653
707
962
303
289
395
442
679
510
130
413
389
912
428
778
441
468
158
331
399
440
981
244
986
977
316
10
928
76
436
880
872
145
385
981
50
789
283
954
622
743
658
355
31
277
70
197
81
368
805
191
625
574
750
139
708
14
85
494
67
201
128
238
357
751
266
316
557
199
558
714
150
860
935
175
756
476
189
24
829
706
306
809
455
487
477
429
820
924
119
99
500
83
700
425
169
927
781
165
113
617
892
273
567
908
615
327
547
140
776
781
315
474
732
627
298
75
435
795
704
978
400
600
251
306
362
474
172
809
177
904
317
201
620
440
641
81
475
211
468
36
793
12
869
416
276
186
409
834
864
940
211
592
265
485
656
518
360
673
391
213
359
550
545
17
120
582
765
322
643
564
664
462
702
517
211
260
554
977
53
556
740
593
810
470
634
580
132
968
374
101
545
243
583
527
486
888
270
20
794
791
134
833
54
849
937
655
524
415
462
590
108
401
311
506
975
692
850
114
870
502
590
863
747
380
225
130
370
542
383
169
513
328
318
572
102
692
968
274
920
503
88
561
696
362
24
686
801
626
74
266
374
497
230
86
108
390
780
64
48
235
579
934
865
989
681
274
352
553
699
15
671
365
103
531
553
29
368
470
849
552
355
546
461
2
184
155
828
186
330
976
837
591
946
242
490
582
832
773
125
895
76
542
746
290
533
316
654
524
32
377
605
734
627
410
258
823
914
245
107
201
145
851
907
66
539
814
956
60
731
613
356
942
9
6
40
548
56
139
823
637
205
792
184
884
410
955
901
138
548
789
74
777
778
81
969
716
687
858
528
893
994
673
454
54
916
656
609
93
705
329
428
154
354
818
463
698
346
149
911
721
24
778
480
244
973
1
816
125
455
141
93
466
820
546
442
656
947
923
974
627
96
157
149
297
142
584
948
553
962
135
47
414
477
926
309
144
522
51
246
549
641
456
540
683
531
928
120
2
991
104
814
536
500
536
979
284
504
10
70
39
905
698
381
888
546
270
705
471
408
80
909
772
781
82
147
361
333
922
600
181
207
446
505
419
310
249
918
698
345
39
725
502
408
261
66
415
376
340
741
432
664
344
229
410
685
92
124
298
19
40
307
417
189
758
48
91
271
489
812
491
73
639
202
428
591
425
797
866
79
688
185
451
978
506
941
680
127
349
375
744
269
204
208
463
335
872
441
818
477
392
55
679
368
35
484
59
693
661
582
411
271
889
963
399
158
335
861
164
620
206
194
394
650
435
583
901
246
107
79
847
680
661
118
574
342
475
251
617
308
850
205
585
71
80
701
134
364
542
813
744
180
575
879
695
548
472
257
221
794
343
47
874
218
481
714
392
378
766
344
472
682
512
531
988
337
117
414
959
107
480
470
898
327
855
581
777
233
384
133
669
819
486
363
811
545
371
169
645
133
437
761
511
648
574
735
588
659
415
119
858
557
141
510
172
549
7
917
751
634
422
123
631
897
693
202
250
7
28
590
445
463
576
737
302
390
605
538
650
366
646
686
336
464
388
232
477
69
246
198
641
263
8
988
786
643
151
669
303
298
787
390
968
960
526
893
397
980
580
434
804
289
275
222
807
237
798
937
788
152
45
896
759
215
670
263
181
106
66
98
763
235
393
299
990
256
191
551
28
378
116
538
515
998
254
988
672
100
50
243
451
263
667
643
793
12
113
332
466
838
438
451
100
753
997
820
656
182
428
190
411
127
236
199
544
563
94
410
547
164
465
845
105
367
401
536
719
524
913
587
48
199
524
616
539
142
624
305
868
75
189
219
978
660
605
851
553
26
564
375
497
199
538
448
990
403
558
830
657
976
821
501
775
445
604
712
521
344
938
883
204
775
913
276
609
993
295
773
967
465
224
699
800
19
406
371
946
114
475
478
247
712
230
321
255
639
981
251
396
120
314
225
766
858
297
860
632
566
249
485
115
393
121
823
186
97
844
174
109
907
744
823
809
196
403
144
696
814
752
673
806
118
697
851
260
636
364
464
360
403
355
588
388
593
95
954
365
793
37
265
519
999
748
209
112
779
317
841
906
506
500
115
765
874
742
290
988
157
627
442
551
111
607
993
241
587
779
156
499
50
577
597
744
38
896
836
906
399
52
596
294
219
602
103
43
275
210
149
88
972
854
145
950
723
938
156
964
165
61
726
962
934
159
665
953
480
619
369
161
878
559
137
562
961
225
168
159
331
269
348
991
138
372
549
750
623
623
613
980
552
84
583
580
859
192
46
912
444
606
399
523
393
734
505
783
11
26
691
8
632
30
583
33
911
766
863
53
547
875
141
9
780
553
879
160
434
419
90
454
628
568
214
394
8
115
819
94
619
221
290
8
195
941
863
78
355
643
918
21
351
321
899
371
313
659
926
190
779
297
463
780
158
778
727
84
138
875
207
229
231
513
972
254
852
627
44
126
197
635
10
421
778
687
56
450
654
387
197
142
206
617
909
616
667
228
849
427
321
601
878
758
872
398
210
594
90
352
220
705
743
632
363
76
390
645
91
998
45
512
395
704
610
884
946
364
291
469
116
166
211
746
119
847
998
398
635
556
519
555
337
479
191
848
130
724
937
973
796
831
924
299
81
244
777
170
408
183
669
845
296
29
585
713
458
730
336
822
807
116
793
781
114
408
86
219
391
548
988
388
507
365
4
804
46
882
609
26
671
600
643
654
782
191
803
236
40
237
816
705
214
234
529
749
351
588
636
706
384
716
231
485
641
80
269
106
778
418
827
108
189
977
91
285
661
46
416
531
784
266
404
637
41
86
159
356
161
412
89
597
583
380
241
493
389
824
134
542
621
636
574
482
196
505
94
621
254
201
258
383
922
80
805
2
399
529
2
66
431
870
892
131
315
68
180
591
488
742
57
7
688
233
348
849
771
976
772
564
736
480
583
288
231
7
691
905
793
169
196
822
593
19
534
108
141
132
630
521
288
112
460
118
178
191
763
92
3
246
444
810
979
156
0
77
797
975
237
546
957
295
67
672
696
284
935
354
547
68
224
507
383
744
272
818
59
639
21
425
291
771
168
544
87
715
237
295
23
976
357
308
789
180
760
73
259
919
591
482
183
820
250
646
445
348
389
540
692
458
744
312
883
607
806
278
557
94
374
357
618
370
465
672
345
774
307
889
186
246
662
831
393
85
883
138
456
398
746
508
828
207
604
18
267
106
887
243
276
981
378
784
72
813
482
373
143
783
860
623
390
184
579
63
680
237
117
894
178
269
713
201
451
197
467
751
548
988
211
464
132
209
571
576
184
97
528
404
97
822
923
420
94
484
48
562
244
406
598
699
218
864
464
891
474
886
780
894
837
805
82
524
638
896
159
836
66
543
763
780
582
258
119
832
834
732
435
809
213
630
559
976
961
225
840
108
200
785
574
167
558
942
308
192
537
308
935
308
911
605
546
310
135
141
193
818
459
879
685
468
644
935
888
326
102
455
257
937
397
13
538
468
984
845
896
867
197
227
579
146
918
804
510
826
987
270
777
978
824
405
942
66
752
327
824
452
881
722
563
421
762
980
480
867
626
99
127
134
451
583
890
675
135
493
24
415
762
357
319
553
169
694
853
84
985
960
193
235
850
330
877
694
381
773
559
540
613
585
249
673
58
823
790
562
851
622
421
190
317
866
459
191
206
890
36
793
415
273
241
963
642
111
289
148
809
928
57
608
79
781
782
115
706
74
781
948
505
209
80
286
898
709
116
179
32
41
377
794
811
385
801
563
896
801
157
664
291
733
372
526
474
1
982
188
244
682
792
548
9
869
808
632
452
478
403
214
982
259
501
870
405
98
825
604
333
896
810
914
469
388
257
463
325
388
840
573
983
206
799
16
356
817
220
179
848
285
16
399
705
952
536
134
283
963
385
61
984
796
312
129
678
846
120
459
705
918
317
510
627
422
969
416
849
103
365
368
888
386
3
943
463
665
41
722
303
980
673
783
425
430
766
493
414
505
185
193
229
934
413
799
576
322
288
685
336
302
331
198
531
558
68
766
994
772
154
25
944
365
0
561
544
92
710
56
638
446
332
986
825
78
328
190
695
810
858
167
746
430
174
926
201
255
498
891
418
714
441
228
615
782
263
60
6
680
718
47
237
269
792
869
966
589
534
998
471
78
904
77
781
495
686
600
483
150
471
751
557
532
511
234
418
111
782
584
322
152
335
29
724
487
918
675
202
307
470
557
89
462
74
344
460
641
162
987
656
132
513
417
157
96
636
812
155
449
461
612
780
302
73
48
377
826
182
484
864
904
850
228
427
283
528
231
108
76
636
952
392
303
273
137
202
344
432
681
18
106
556
728
981
752
252
480
334
768
408
175
357
348
584
626
295
843
385
179
367
376
410
78
596
449
286
801
450
347
178
122
894
843
978
229
836
496
623
422
426
704
308
876
867
512
625
159
429
127
583
36
884
645
221
510
563
337
674
167
47
472
196
135
135
637
224
515
801
821
443
530
950
9
945
284
657
794
124
261
956
104
176
521
691
891
76
879
517
718
443
403
377
689
4
583
949
910
446
626
644
382
8
179
593
509
273
271
535
963
507
386
4
420
877
762
293
419
25
378
147
258
954
622
670
797
395
514
545
72
844
776
910
669
278
74
739
779
826
884
390
619
932
246
325
477
982
297
41
595
778
455
532
372
223
504
936
660
129
305
522
745
578
824
527
465
21
942
701
539
29
44
349
427
529
578
367
354
906
67
368
693
88
45
448
156
850
208
494
46
5
820
176
467
87
264
125
690
973
0
718
261
425
311
156
649
696
909
507
346
419
123
944
511
675
949
367
458
19
230
209
483
25
250
731
61
237
768
954
96
837
488
958
633
680
652
100
151
569
792
817
967
711
454
291
219
531
382
154
270
873
244
23
867
923
740
804
726
474
114
805
731
358
205
517
559
808
443
244
628
22
35
527
944
23
695
240
279
847
657
136
872
69
327
427
694
708
530
10
184
903
251
14
12
248
207
188
855
946
701
732
839
661
469
567
453
251
348
400
293
857
341
802
456
223
434
450
524
124
43
590
370
212
541
230
185
187
807
922
89
350
82
21
146
600
487
256
654
642
93
690
156
991
27
334
198
999
691
438
750
882
335
247
364
440
216
412
331
894
109
600
45
164
649
342
508
453
432
147
619
334
251
110
132
954
562
79
187
717
98
814
130
968
647
309
534
53
916
833
362
291
240
796
187
348
875
7
181
37
745
183
940
581
782
669
549
418
587
74
565
48
64
242
721
100
779
872
160
329
456
3
23
568
353
16
732
285
871
104
557
439
354
4
657
456
821
454
334
559
766
521
85
786
173
771
180
967
554
121
507
437
756
588
424
886
87
692
574
944
390
570
324
253
978
946
722
455
609
633
713
56
18
315
20
841
344
688
529
761
821
239
53
665
913
492
975
677
411
414
59
181
591
116
770
805
57
970
839
658
329
150
582
326
56
48
856
246
210
361
90
946
684
571
959
420
895
697
451
341
549
472
49
668
275
999
551
624
897
35
697
32
270
494
827
753
847
705
995
385
42
471
14
953
805
851
369
696
613
965
923
781
980
850
786
37
650
786
83
46
983
725
894
899
664
232
705
993
920
965
356
529
449
9
820
184
339
281
644
907
852
903
833
638
209
922
565
431
563
893
686
839
134
89
16
697
614
708
608
438
522
204
538
303
518
743
94
309
460
757
822
518
267
128
220
521
531
530
289
955
39
976
513
810
419
334
861
755
864
883
689
447
462
190
591
684
674
753
19
273
137
333
465
185
227
103
652
843
499
905
688
761
437
540
242
737
937
364
679
217
336
188
234
422
572
924
546
70
285
200
843
683
361
227
275
379
435
68
601
687
456
280
97
657
830
864
458
130
574
476
164
418
819
904
596
961
939
29
651
909
590
251
182
957
381
351
942
694
4
344
66
940
771
742
372
803
161
540
42
6
706
965
534
744
516
389
728
401
676
594
834
75
238
691
716
709
236
311
905
608
758
257
186
689
299
75
585
247
783
9
473
885
502
983
380
233
800
245
644
118
686
402
7
254
516
311
957
597
223
109
516
722
88
754
622
295
225
759
720
852
920
950
62
254
154
915
582
510
386
688
962
455
130
861
298
560
121
215
249
475
429
744
343
220
563
784
943
86
685
971
745
907
971
123
955
107
877
536
931
623
464
708
129
725
191
611
515
919
156
819
72
936
199
305
169
174
926
381
13
126
678
278
380
284
977
369
895
938
680
318
205
435
26
843
961
513
846
685
986
916
830
852
667
611
669
879
764
776
26
352
528
751
389
945
258
511
385
535
457
444
290
429
627
700
313
708
801
137
326
810
415
950
62
353
176
102
462
946
575
105
654
353
17
264
329
163
457
163
516
317
283
129
764
198
637
520
901
464
131
653
889
411
563
615
877
370
272
975
530
682
35
58
707
49
142
242
267
820
346
242
633
419
612
161
414
880
892
888
773
814
726
855
812
70
564
549
939
32
996
71
779
424
254
187
25
951
329
461
762
196
902
866
337
162
284
283
807
428
262
380
322
542
730
806
401
301
76
281
623
314
986
966
975
739
97
396
783
347
904
969
631
36
155
972
171
873
971
904
303
184
300
764
347
208
119
769
752
312
201
995
106
200
948
204
838
52
108
709
869
838
493
550
945
243
283
920
320
193
409
241
287
494
310
319
289
685
166
49
448
469
957
691
579
219
649
368
881
785
816
37
812
567
550
723
338
185
444
653
608
840
935
707
167
790
277
287
460
692
277
382
634
70
646
256
267
978
760
11
639
988
427
109
476
526
669
514
927
854
784
5
266
777
483
225
838
270
399
954
347
422
693
311
710
875
486
932
641
397
947
886
673
405
134
309
205
948
969
913
162
475
126
390
935
113
54
450
293
760
862
33
846
681
950
582
331
34
908
613
742
941
313
319
335
242
346
141
677
911
170
185
443
664
510
881
358
434
249
541
708
548
296
52
727
591
953
441
713
397
560
780
554
849
954
70
232
333
150
229
519
42
360
561
729
731
423
134
224
171
730
163
122
544
783
194
163
512
436
105
329
507
74
33
700
977
102
405
229
974
153
12
225
274
691
547
541
918
875
693
860
532
531
180
527
662
618
229
509
186
737
598
139
533
762
91
445
421
589
90
517
387
341
124
467
89
611
845
583
392
249
221
235
574
746
728
476
438
312
347
218
599
718
608
198
874
384
796
228
126
775
631
473
494
985
11
254
510
240
200
190
18
217
504
957
592
305
447
777
870
827
789
157
583
917
863
51
858
220
106
594
579
924
498
104
70
269
10
306
410
458
556
114
818
364
140
41
498
502
176
29
120
874
451
364
512
861
826
729
973
462
102
30
581
828
971
835
428
129
41
982
667
281
129
204
747
488
922
911
748
931
564
857
811
845
348
751
540
517
930
825
636
750
984
129
706
416
228
722
967
181
447
747
475
254
103
564
450
374
225
632
807
783
923
372
192
812
82
639
898
79
647
723
726
244
768
659
612
142
788
236
319
489
158
777
874
591
165
553
969
254
11
908
755
618
605
247
741
135
907
756
899
178
881
62
979
17
429
795
499
367
834
714
276
637
220
583
374
501
508
324
343
577
662
851
910
524
698
409
565
550
432
469
862
206
808
970
900
123
224
817
877
212
823
443
327
585
34
389
641
97
292
53
236
237
916
979
978
725
793
812
765
313
385
19
419
923
875
136
616
68
65
718
572
467
715
808
119
349
888
756
579
553
181
171
241
348
91
687
670
741
684
965
71
129
846
589
50
689
731
272
951
570
520
826
952
686
205
376
997
89
957
420
402
111
343
670
413
236
163
541
475
460
201
334
138
148
14
236
476
160
761
113
890
799
437
412
159
788
959
580
463
182
467
292
408
146
681
495
968
679
694
981
727
602
377
479
622
739
747
656
264
360
386
420
648
673
88
389
955
292
911
804
951
754
832
389
669
561
69
454
283
203
899
625
76
183
284
911
268
487
947
488
295
146
465
441
65
26
864
773
876
16
734
759
125
847
53
134
567
630
649
74
197
482
577
958
714
124
193
7
51
190
711
708
455
436
661
983
446
441
510
59
464
911
68
877
271
483
482
896
568
224
302
140
478
475
417
647
839
871
881
558
875
98
951
238
250
751
69
110
486
414
122
311
417
225
825
919
607
904
126
610
911
279
643
763
286
518
691
225
269
474
629
989
805
674
466
635
192
980
58
447
113
193
452
538
134
806
653
901
581
564
811
925
917
795
26
544
14
235
95
407
364
347
451
908
832
597
410
334
335
537
500
338
647
242
836
620
400
102
935
327
495
601
783
361
913
908
305
338
677
162
908
7
258
204
99
482
412
229
821
940
121
976
235
686
105
937
729
380
237
857
24
491
423
134
875
613
75
818
73
98
292
51
995
553
169
355
831
672
162
449
92
472
694
376
838
652
894
174
476
747
56
951
80
20
524
267
271
482
891
557
426
728
962
406
412
910
625
946
638
693
856
817
735
816
812
720
159
187
191
529
541
824
966
328
695
720
191
248
579
175
858
222
196
155
559
411
263
118
160
488
479
18
737
573
613
500
781
290
12
732
491
26
204
820
233
997
733
495
511
845
455
613
551
43
183
636
347
930
308
392
160
20
355
910
434
709
16
997
448
965
718
287
58
673
169
887
360
564
25
970
196
274
210
515
626
317
458
914
983
580
659
53
552
952
234
658
45
433
510
115
974
921
101
107
780
695
491
816
163
6
909
97
422
967
45
314
748
637
598
758
890
959
315
828
577
291
51
573
825
865
624
141
830
238
952
240
242
994
812
39
307
596
991
547
62
268
208
82
428
497
612
959
580
813
93
854
18
877
784
992
726
645
934
164
32
292
801
223
491
228
962
398
463
204
312
785
147
809
907
298
186
691
313
566
798
404
1
675
971
78
607
275
93
93
136
519
908
291
446
152
431
731
54
370
615
304
951
67
102
367
862
778
391
841
488
955
215
910
863
706
308
703
969
269
269
978
349
111
331
43
424
611
735
57
855
310
828
663
726
904
117
468
520
819
954
173
656
989
663
489
623
539
750
782
54
151
455
818
511
788
716
188
239
742
930
972
791
279
709
416
419
832
474
857
842
589
331
510
840
788
439
55
112
639
792
788
14
352
313
47
444
269
328
199
899
948
8
694
332
448
642
533
319
180
685
423
748
359
523
972
265
266
462
895
748
646
11
185
272
561
437
847
325
218
205
378
683
883
889
190
607
623
859
581
986
996
420
108
438
346
609
814
731
356
116
584
601
71
989
110
222
489
347
84
450
868
933
398
73
763
422
340
96
556
369
424
180
191
817
770
304
174
213
822
934
789
482
612
96
603
928
457
294
409
489
604
2
699
408
460
819
61
383
8
167
337
491
294
165
862
404
944
321
338
503
915
145
779
30
218
8
34
36
260
353
313
9
473
519
990
604
666
874
505
706
273
540
763
858
255
708
664
635
685
587
742
496
77
69
566
931
786
3
866
599
613
767
520
442
666
887
502
275
882
229
382
561
898
54
740
645
203
546
46
664
731
548
163
447
125
683
719
814
988
95
710
451
214
175
839
789
447
651
99
485
874
614
469
971
392
670
580
108
98
455
943
570
801
541
321
461
473
697
526
169
408
189
580
968
821
955
333
977
223
939
52
608
476
723
565
728
716
701
771
743
36
643
852
130
527
254
807
184
370
327
298
483
383
541
365
604
564
449
395
326
388
766
273
566
815
990
799
713
278
576
904
431
642
358
757
743
293
30
854
811
128
759
139
636
391
759
664
593
866
274
672
157
549
734
851
822
691
885
251
805
702
154
747
827
674
815
433
577
699
263
638
611
196
679
179
437
433
339
182
246
287
246
533
876
530
329
978
689
896
80
560
277
829
802
477
363
957
968
913
120
25
535
670
402
780
513
567
157
726
664
262
420
915
453
441
661
604
696
789
254
358
753
390
863
945
847
374
552
380
39
556
397
303
247
638
775
762
955
714
460
396
167
193
282
974
254
349
544
257
27
293
381
837
814
663
925
323
434
429
449
966
221
675
55
709
919
407
170
548
134
818
939
556
240
598
776
752
443
233
556
194
170
137
550
693
681
856
287
684
595
971
190
34
441
141
671
708
726
713
572
148
985
335
649
535
555
46
694
369
314
92
353
567
92
914
250
582
504
172
235
195
482
271
456
506
133
619
747
442
662
163
740
168
414
282
574
876
208
745
373
777
972
951
287
745
115
320
48
528
940
136
915
7
598
474
702
132
999
724
253
736
141
310
514
514
291
395
323
338
646
310
156
528
416
393
407
310
677
226
289
387
612
999
703
722
568
899
464
266
176
937
549
167
628
345
278
993
993
737
735
363
670
462
3
775
688
955
920
64
339
608
163
312
418
335
901
923
905
971
591
323
840
458
457
758
779
565
497
173
168
93
578
606
968
864
651
964
98
500
730
253
781
387
873
125
452
440
207
106
703
290
474
551
135
510
195
980
297
745
410
758
432
806
781
243
580
821
379
913
391
149
134
575
802
123
696
644
851
171
780
518
178
631
49
566
709
110
443
291
312
230
570
284
136
245
967
58
434
276
315
500
351
278
427
245
556
247
226
819
951
408
709
857
972
106
564
816
177
297
271
362
766
308
840
583
370
266
152
659
42
814
828
975
962
590
761
622
313
136
597
204
128
286
241
266
771
541
348
45
196
600
217
776
28
906
860
391
260
52
352
262
571
427
669
880
480
509
520
52
2
38
492
645
958
966
88
642
921
93
736
365
622
875
976
871
514
593
886
972
367
507
440
371
6
282
294
361
664
485
481
94
599
840
900
592
752
400
586
791
348
637
913
721
815
465
709
198
600
576
415
190
291
96
519
402
523
651
80
161
476
523
115
292
271
70
127
92
631
26
72
274
637
379
837
887
871
970
199
757
174
8
22
510
831
539
86
523
578
216
106
624
146
890
591
334
236
201
557
257
611
847
737
563
955
239
14
472
157
87
694
996
315
376
595
226
61
579
99
815
818
62
300
853
642
104
236
196
364
577
44
566
52
885
773
650
128
242
564
453
10
696
370
579
456
881
335
699
19
753
680
876
477
456
439
394
438
477
306
998
648
413
598
29
210
653
997
440
794
52
613
332
735
4
332
922
613
58
217
658
786
84
877
451
137
996
1
550
205
114
985
148
432
870
466
325
916
454
920
587
18
276
67
751
441
476
611
586
458
621
298
893
874
157
432
805
271
226
621
993
422
839
922
663
180
979
977
127
435
152
518
661
912
395
446
412
907
135
399
881
15
455
176
566
834
812
483
880
471
331
168
460
2
803
388
381
475
413
769
777
535
565
392
980
548
528
44
853
484
958
121
568
427
554
997
596
188
144
398
838
448
135
596
53
129
879
888
519
23
788
492
380
256
67
605
314
277
204
703
209
419
249
824
392
959
318
216
342
422
578
935
54
500
869
936
941
491
34
316
278
646
55
178
176
606
594
149
878
109
358
110
447
537
567
253
543
227
90
370
158
833
489
552
351
345
406
460
124
207
189
498
840
753
878
330
469
97
35
945
872
402
799
194
369
630
496
614
895
735
783
770
67
917
350
864
539
752
25
57
203
975
823
490
839
944
258
68
932
208
605
72
943
173
279
730
606
690
414
741
302
571
789
272
85
138
584
952
105
913
647
390
840
689
441
738
354
98
139
56
763
692
778
74
957
254
885
806
622
516
182
697
374
246
835
580
132
999
944
55
289
372
831
435
837
446
34
84
912
753
104
199
300
269
47
655
993
132
418
519
249
342
459
171
94
90
825
175
960
742
437
341
243
256
82
713
520
686
692
367
563
99
610
320
941
163
398
680
43
881
781
579
383
206
690
82
501
317
72
80
617
805
328
906
871
887
471
55
587
744
684
820
266
609
289
179
688
101
911
476
155
227
287
708
216
813
814
510
245
496
528
400
287
437
673
7
525
95
784
373
565
230
380
602
965
715
412
688
604
781
386
300
754
483
655
706
613
675
557
696
797
83
16
782
451
550
319
899
5
441
210
588
45
790
636
569
516
896
659
0
353
169
414
799
246
81
14
148
196
272
671
343
237
653
305
418
187
631
835
695
328
532
279
699
989
737
332
505
63
522
583
115
430
434
611
853
792
341
363
458
958
819
702
315
165
368
267
580
408
834
116
969
724
98
463
250
188
191
370
355
662
847
912
39
933
16
850
734
696
934
879
68
492
269
143
404
629
42
948
317
627
117
547
460
410
753
873
865
730
472
217
526
817
480
13
630
789
858
27
643
15
421
842
491
684
846
124
99
126
76
807
756
418
873
303
597
283
467
262
945
839
403
287
51
552
381
663
287
222
106
365
243
19
178
475
550
792
742
957
47
902
758
402
801
727
302
585
742
685
862
558
969
803
313
861
193
35
398
741
187
360
942
273
590
430
5
643
613
902
885
514
592
350
495
6
205
560
35
848
950
946
379
560
194
742
266
634
144
187
498
840
352
91
751
22
205
646
54
81
593
936
475
922
471
382
49
994
959
991
978
574
901
376
577
708
955
376
62
934
488
142
3
424
816
976
189
69
999
357
61
470
481
877
679
869
419
591
66
615
439
227
769
800
275
201
442
852
364
490
237
275
274
718
351
60
227
333
880
733
348
626
417
594
45
844
170
532
797
551
779
364
29
771
785
288
377
396
4
13
381
466
831
262
941
713
103
796
472
851
719
287
557
805
867
412
133
487
588
879
891
520
308
770
890
729
674
358
975
617
952
322
975
289
387
226
929
609
939
17
287
819
571
795
552
621
275
756
138
821
845
133
223
504
661
72
798
804
52
121
763
504
326
80
193
8
650
285
767
404
890
515
952
819
805
880
264
92
625
635
763
462
588
543
168
657
661
919
303
996
502
642
831
376
54
2
395
269
172
583
982
244
646
25
292
573
291
886
778
913
253
929
721
90
203
916
335
418
557
63
271
441
650
313
730
75
415
670
486
786
937
57
262
792
709
388
442
95
333
487
344
996
382
461
107
217
576
549
259
907
413
199
109
571
86
317
709
585
42
308
145
869
201
131
455
856
240
84
82
235
813
72
905
933
357
160
25
955
796
761
636
923
949
896
769
187
139
790
406
872
224
85
436
432
187
20
874
299
751
768
741
976
41
828
334
836
106
361
891
481
759
897
91
788
237
361
52
151
641
965
392
657
62
41
128
450
160
965
222
595
873
504
417
597
602
729
661
730
445
41
898
337
560
861
942
965
701
979
765
392
927
562
696
36
87
87
603
267
816
229
900
735
592
461
265
212
816
775
384
853
310
120
853
900
33
508
440
206
420
773
797
742
535
556
512
161
410
848
560
755
891
101
771
927
546
751
674
532
739
687
159
198
524
621
572
843
512
559
758
640
291
640
578
562
39
484
959
97
494
515
468
921
321
125
555
292
192
357
350
101
163
281
568
670
961
976
952
204
606
917
466
681
634
651
854
810
984
906
853
586
460
761
113
839
81
404
972
236
642
672
76
63
383
860
126
387
451
258
896
857
355
583
131
658
817
519
681
48
650
869
403
894
12
594
590
181
117
530
135
776
360
727
413
858
201
753
38
223
875
715
692
40
607
276
713
883
168
132
657
899
821
213
48
731
742
965
540
449
107
121
851
752
929
963
999
830
383
543
441
728
232
699
101
755
641
277
565
117
526
713
928
586
784
571
852
491
362
930
913
980
236
350
88
381
55
460
21
83
202
375
864
904
948
272
266
137
779
353
806
334
692
199
949
167
796
63
344
549
935
490
207
942
655
883
279
861
560
705
204
858
433
648
67
502
261
605
803
689
539
601
412
959
282
397
489
297
617
368
747
728
647
749
998
335
790
176
479
378
853
594
590
457
54
787
200
185
532
504
945
909
482
837
56
169
264
988
627
928
743
655
909
606
568
986
637
760
799
709
744
562
766
128
530
785
79
240
881
139
9
721
699
732
368
900
105
51
30
596
987
148
174
651
678
902
587
890
788
647
580
449
987
495
714
251
920
579
493
478
117
923
292
345
153
86
460
959
855
676
556
716
738
109
646
573
759
856
15
20
963
30
763
692
119
472
467
546
737
405
16
229
613
153
101
408
171
571
528
901
531
334
401
252
126
27
862
428
855
388
750
577
147
235
716
455
444
4
447
238
964
897
640
783
0
589
43
349
930
315
74
175
748
760
86
517
178
486
335
249
527
866
574
473
939
960
849
82
427
821
663
191
433
822
325
913
374
743
543
713
685
46
339
949
122
906
643
695
995
902
241
92
334
178
624
187
715
964
768
404
763
98
243
444
521
243
534
190
687
807
218
219
701
325
67
486
894
940
296
377
459
523
796
36
996
356
388
912
699
142
819
278
540
995
738
141
147
826
700
204
660
190
961
228
88
78
969
2
998
478
84
564
297
661
952
186
857
184
778
175
356
152
848
351
774
352
214
371
775
834
527
571
100
282
863
276
736
762
31
42
69
120
705
895
245
997
396
133
30
127
754
985
765
553
208
528
946
993
693
94
949
827
687
164
815
156
595
234
613
970
739
406
128
914
973
187
888
273
785
798
482
399
699
149
247
201
986
969
159
190
784
677
758
733
892
415
6
869
948
455
229
124
246
149
433
588
521
592
49
835
583
356
413
898
814
724
505
552
8
929
518
431
215
897
601
312
517
707
336
691
67
626
874
946
48
120
863
390
405
973
704
89
918
240
416
734
723
333
483
894
832
848
749
421
298
401
191
156
747
57
94
808
752
843
684
290
305
190
762
480
264
67
534
581
958
906
778
469
98
313
437
347
523
495
279
542
768
246
247
457
966
896
566
690
619
380
337
310
216
256
403
771
628
17
602
381
606
369
483
413
803
336
472
631
649
894
225
699
179
664
337
703
598
985
434
723
707
379
291
757
951
470
217
85
607
72
212
931
271
133
908
560
517
17
699
531
746
860
101
477
505
758
341
751
499
875
769
738
642
392
849
982
180
775
100
0
970
191
285
734
794
728
892
117
809
613
311
197
85
698
882
138
771
272
916
287
332
71
412
318
398
380
92
403
544
371
341
306
837
975
747
662
588
703
435
740
599
19
42
846
980
504
704
700
193
359
29
600
195
941
290
729
376
175
411
803
723
252
923
709
448
359
841
651
504
173
466
68
927
540
942
527
173
165
167
626
34
347
960
275
454
804
99
450
255
784
742
494
596
431
526
895
394
992
884
469
893
736
375
191
721
119
603
118
449
825
264
595
216
667
534
30
214
541
624
945
677
855
102
692
781
183
223
306
156
162
742
716
378
248
181
412
261
573
695
637
792
885
915
737
9
160
654
115
83
287
647
358
329
910
49
909
932
570
317
293
566
28
54
128
552
894
361
251
946
198
900
90
225
305
502
395
342
610
0
680
404
203
115
817
554
178
921
489
906
912
968
424
808
159
309
969
743
346
93
676
529
89
746
927
974
300
35
897
191
136
565
639
491
240
897
898
49
230
902
145
63
554
105
251
490
530
537
335
783
531
944
872
418
54
303
355
533
575
289
251
955
802
652
807
694
607
27
626
398
808
951
883
266
631
510
6
36
526
780
227
472
705
410
237
837
775
189
950
599
929
129
681
620
777
109
64
566
535
232
543
0
296
108
312
117
537
202
673
757
170
694
635
417
846
220
620
897
105
331
352
444
651
650
627
824
173
96
586
395
281
936
570
681
719
189
409
182
685
818
148
318
591
477
992
123
487
493
854
368
775
970
337
468
516
340
745
24
973
854
685
276
893
724
148
79
45
323
444
302
54
232
79
271
628
339
723
438
423
741
449
64
151
121
977
414
861
687
907
332
338
862
505
971
674
339
395
27
809
717
291
53
569
475
562
752
762
104
618
874
700
245
671
226
777
880
176
459
814
268
433
444
763
217
254
278
185
525
185
637
796
355
420
515
257
507
142
553
577
602
607
447
694
140
926
446
838
655
670
284
758
658
92
479
225
558
972
734
313
115
68
445
589
534
833
967
860
449
345
817
600
747
377
212
734
794
680
899
158
399
563
70
566
593
634
375
804
533
67
75
899
940
278
338
253
93
969
731
682
652
380
41
232
763
984
427
244
432
771
419
968
607
791
508
669
970
797
186
219
406
11
613
878
992
333
558
187
720
491
325
284
860
440
377
280
880
851
850
367
45
25
956
140
87
586
485
292
612
459
857
598
450
341
555
139
656
667
231
736
111
969
310
250
746
931
793
193
716
164
210
272
17
17
47
188
960
549
928
146
575
254
684
478
784
495
686
898
315
391
606
116
275
802
445
419
909
711
913
363
358
778
42
454
125
235
116
566
889
878
966
200
540
796
850
35
536
674
455
394
977
905
283
950
299
686
996
960
645
851
713
749
743
309
548
130
144
151
707
298
619
71
999
518
882
615
893
620
451
215
883
588
578
289
213
503
48
221
729
760
947
870
288
255
350
277
198
308
474
685
715
657
132
222
395
347
673
222
699
922
744
517
429
999
287
535
6
446
697
767
150
732
430
506
87
962
739
730
505
251
211
973
926
482
566
797
794
800
146
345
45
341
247
811
284
940
663
155
388
92
502
52
265
115
942
246
214
54
478
84
877
15
148
135
242
22
760
787
803
172
460
159
827
380
337
931
447
210
427
109
136
160
727
173
282
102
723
954
357
354
984
588
66
449
236
203
384
237
707
87
535
856
471
826
292
719
701
540
351
402
761
573
986
779
253
520
451
213
478
550
323
399
448
320
488
889
124
961
264
654
102
355
838
731
195
185
810
447
35
134
164
131
547
404
954
948
199
318
987
223
70
330
810
60
374
193
598
462
386
642
841
746
25
150
296
470
113
60
635
756
651
808
862
38
289
440
15
76
533
160
609
933
292
878
96
618
347
720
53
553
992
692
500
624
333
96
765
232
96
724
376
13
870
956
85
251
954
738
658
979
0
700
6
630
631
922
350
529
190
475
549
337
142
8
210
41
192
113
301
738
713
663
993
227
859
873
280
225
438
803
331
344
423
660
138
931
735
942
860
120
879
636
750
15
426
703
57
925
549
25
231
196
458
582
334
349
795
615
97
673
565
353
298
572
170
662
701
475
180
867
33
896
95
977
288
43
902
103
250
307
193
184
852
909
757
865
598
900
933
143
686
562
320
326
711
630
922
860
126
855
7
839
863
232
133
572
834
668
786
754
884
163
694
310
500
598
730
185
875
344
841
943
935
885
917
105
74
431
902
5
582
526
879
451
764
912
65
860
30
395
452
647
641
574
931
188
943
614
887
820
603
320
631
872
238
425
199
57
10
526
646
448
742
898
460
280
737
362
812
881
250
287
742
990
87
796
328
736
988
494
206
340
343
804
960
386
490
223
467
232
264
876
467
839
244
704
271
581
366
180
301
202
375
361
423
206
911
724
390
635
645
101
591
759
775
949
563
470
786
879
187
661
468
313
291
961
0
402
63
593
427
838
772
297
788
496
656
169
385
431
396
702
192
788
104
7
930
83
952
10
263
712
982
824
838
844
289
662
428
776
748
774
743
217
545
165
307
757
832
734
437
93
706
351
414
235
507
531
498
405
952
192
257
603
477
417
478
350
706
622
142
97
167
259
563
69
485
942
322
71
967
437
346
61
225
528
527
841
720
458
213
756
234
798
144
687
919
120
843
654
640
121
263
430
855
167
951
857
231
293
659
551
77
798
513
559
168
544
322
798
125
902
772
616
710
446
731
125
484
525
278
917
658
736
416
327
508
604
859
613
504
784
180
637
267
785
459
756
527
78
257
556
500
654
151
176
373
583
636
868
44
976
711
10
945
177
958
899
750
585
127
851
102
280
181
792
408
582
54
692
375
340
594
120
316
490
749
196
294
488
137
125
400
497
726
142
227
989
524
50
902
110
947
417
68
477
232
737
997
358
58
278
95
673
30
757
510
402
552
381
553
811
859
896
279
865
259
233
10
12
176
637
443
627
94
567
55
904
939
215
224
191
817
371
615
949
301
985
104
294
430
75
846
727
554
668
106
766
597
538
646
455
252
844
318
336
769
502
497
223
808
995
748
914
97
466
639
944
110
884
661
358
376
261
342
548
317
721
695
641
150
257
493
588
358
878
862
349
524
757
137
860
917
868
310
808
483
164
488
962
667
255
362
930
966
100
592
418
678
896
328
611
980
463
761
53
303
972
875
531
727
813
31
141
546
419
192
599
679
776
489
443
914
994
553
99
200
855
389
777
667
985
213
546
736
404
666
552
398
77
549
656
938
790
244
692
481
487
297
1
45
719
51
123
764
180
577
399
125
735
908
201
53
875
948
232
417
199
38
623
461
474
773
253
532
679
223
967
473
170
457
173
525
817
589
570
169
758
866
815
215
820
29
331
876
407
599
668
913
377
719
169
274
467
898
67
774
881
656
560
81
121
200
722
950
69
903
256
49
391
621
316
524
61
784
869
144
749
925
373
230
874
860
854
894
615
132
752
48
739
311
822
530
486
215
10
738
580
265
878
828
768
665
548
997
890
678
888
368
92
79
13
265
497
926
781
113
734
684
718
322
166
501
777
84
969
654
308
191
397
796
570
129
368
750
681
698
308
598
293
30
116
140
235
962
230
692
816
923
970
153
587
988
322
617
209
975
529
59
872
734
673
695
765
617
696
861
258
274
491
904
50
112
526
652
671
457
698
710
422
892
416
67
897
254
398
828
270
706
383
440
942
678
967
402
960
924
512
373
342
31
790
573
497
103
586
320
865
470
165
380
431
483
499
419
471
215
834
613
712
751
307
196
670
921
784
206
17
954
367
54
215
87
894
124
264
