54
609
916
869
631
965
310
12
291
192
598
101
363
1
986
946
584
444
332
344
209
957
459
931
405
298
478
696
323
574
326
835
648
68
371
587
337
113
50
403
50
157
846
354
950
803
349
493
487
118
244
683
840
254
357
26
594
948
207
520
916
803
207
412
87
479
342
94
880
339
547
621
735
261
291
791
976
380
382
710
879
837
571
905
442
634
479
944
666
965
234
397
522
884
170
751
842
781
285
72
38
43
488
633
867
65
981
605
290
775
85
484
289
51
770
601
197
201
865
453
508
38
382
509
315
713
488
458
963
92
654
256
401
570
802
241
470
921
53
202
396
433
307
535
442
925
225
43
642
2
636
386
281
646
171
490
591
60
280
902
160
164
531
990
218
368
32
308
608
668
874
672
150
981
903
950
341
190
478
22
201
190
223
173
650
526
50
186
768
866
674
588
954
167
923
442
857
596
730
834
8
939
740
854
527
145
810
115
953
292
539
708
418
93
834
848
245
206
162
127
148
950
415
546
297
898
71
388
37
750
529
115
208
157
876
267
392
597
507
14
285
7
807
324
956
678
758
737
434
701
811
592
389
533
718
482
181
575
838
892
832
504
371
47
942
235
665
417
194
115
786
229
546
136
915
470
833
321
826
538
859
124
462
541
729
250
183
91
566
278
552
162
200
167
978
126
219
644
187
487
266
416
215
409
680
431
117
267
183
271
182
778
127
770
577
918
832
371
651
740
147
807
933
694
990
230
382
145
783
345
218
413
299
863
979
570
671
275
368
513
263
720
747
816
349
32
711
115
948
576
577
559
661
984
166
128
866
515
694
262
577
90
695
43
100
149
269
256
935
468
313
993
217
963
288
846
374
789
181
972
212
650
425
811
508
428
362
856
148
94
570
238
355
422
713
977
132
221
822
916
927
676
298
939
4
705
349
659
786
946
397
81
343
89
740
824
128
545
561
951
507
72
674
362
835
606
65
263
908
589
220
292
72
513
522
32
778
825
554
343
440
198
534
946
950
260
840
526
233
232
964
467
736
33
823
824
938
465
6
397
364
941
593
962
298
155
953
934
969
76
536
890
394
730
161
55
761
172
128
677
198
408
466
910
748
432
536
346
392
384
184
628
20
142
77
868
501
803
184
991
202
617
774
820
974
54
236
112
392
240
313
101
208
785
123
766
572
134
949
550
893
930
943
346
52
160
654
252
617
680
502
297
917
249
293
21
245
633
721
38
274
521
885
990
415
101
224
437
595
642
743
54
336
768
20
696
451
138
622
720
781
499
355
398
209
412
428
677
7
796
968
199
728
711
411
600
475
346
912
841
88
333
373
145
427
817
382
807
98
861
820
714
635
300
424
516
760
489
523
877
796
286
487
412
963
449
3
787
244
536
331
812
674
294
143
406
836
487
389
485
762
752
865
737
321
378
780
629
136
201
306
699
420
480
24
246
537
479
318
240
618
248
250
933
98
950
365
23
204
279
866
220
560
412
220
893
952
750
655
392
26
979
978
664
886
937
715
411
130
187
91
477
228
546
900
468
224
669
968
475
675
651
28
786
967
776
125
118
143
295
513
213
702
592
122
53
243
546
854
677
776
666
602
620
675
749
441
897
36
690
119
146
664
851
555
105
342
29
133
716
248
846
443
644
860
751
794
512
739
451
739
419
393
583
908
83
63
505
425
916
870
894
67
716
789
686
288
80
164
155
106
519
657
795
764
757
11
41
435
755
126
51
290
301
23
543
912
652
0
951
637
205
949
104
139
929
704
453
762
598
266
849
454
727
427
789
421
72
556
222
724
860
891
75
353
666
520
565
62
477
829
247
252
356
850
481
439
665
498
240
137
461
832
448
897
140
654
268
357
789
16
925
957
973
564
202
242
308
700
535
583
472
632
345
143
481
37
896
615
869
299
622
341
220
470
623
466
622
170
161
372
628
261
423
671
837
103
440
660
770
661
749
546
684
455
684
877
836
558
326
396
547
202
735
927
643
835
295
737
870
543
956
498
453
51
931
248
260
741
55
776
276
922
144
31
993
155
264
646
429
349
386
821
76
577
972
374
410
9
719
62
178
844
164
928
649
268
538
619
650
678
797
916
498
818
64
967
343
788
342
642
485
465
405
474
897
990
517
859
953
654
792
178
675
882
786
781
510
606
203
253
247
154
514
107
860
110
260
57
814
377
966
450
674
84
279
948
816
514
577
485
152
323
354
292
90
433
614
105
317
955
63
704
891
840
775
762
699
374
125
85
246
988
671
813
885
964
847
218
171
493
81
284
872
152
348
692
445
545
230
645
335
249
429
67
486
450
940
763
869
610
690
611
383
883
554
707
687
290
126
268
200
239
52
216
887
932
662
515
134
770
477
536
971
848
718
215
536
662
624
685
371
865
628
276
33
135
198
733
167
61
699
395
441
799
3
170
726
41
521
136
148
859
449
914
688
466
986
98
377
661
236
728
494
844
555
495
300
712
748
954
324
167
631
206
261
727
470
729
366
509
629
779
6
838
571
772
560
629
0
750
945
366
207
557
900
140
422
764
192
158
603
130
912
846
321
85
395
309
12
637
997
185
258
213
134
465
218
565
714
827
97
211
472
435
994
531
543
927
125
124
14
984
188
413
826
996
114
33
109
338
213
567
493
341
622
980
251
237
95
677
653
826
324
832
559
258
540
634
517
501
434
926
900
903
183
884
250
95
458
289
570
341
451
118
244
833
580
243
677
385
161
653
403
51
602
813
404
268
118
619
440
280
58
835
587
436
827
87
279
743
512
941
10
584
819
354
556
636
394
399
796
183
401
267
435
813
258
362
505
329
720
557
606
566
48
521
412
301
848
724
763
662
773
85
957
833
512
732
716
79
432
698
360
565
54
922
669
10
493
0
724
577
433
56
529
249
625
274
6
722
536
661
693
458
912
434
75
826
208
403
460
379
544
931
953
276
921
943
9
888
683
326
759
652
529
813
400
103
424
389
368
661
664
993
582
557
242
475
92
569
75
447
971
637
375
434
687
260
290
892
271
120
611
716
601
393
378
522
699
24
483
11
332
580
803
208
388
573
482
473
569
39
610
872
955
544
823
88
115
501
240
488
792
962
165
626
145
914
65
42
282
494
946
291
793
680
543
955
520
403
761
538
664
715
333
615
259
907
584
388
779
647
108
75
586
22
179
521
49
829
9
618
757
416
134
229
14
897
732
113
602
134
79
328
602
351
483
539
715
653
834
303
592
689
789
998
886
796
354
248
640
722
112
964
716
509
543
834
93
671
779
955
475
440
843
275
744
361
396
437
371
831
620
415
835
517
436
760
372
899
805
128
6
683
534
487
431
150
4
729
421
946
812
447
193
111
869
657
208
738
594
796
260
609
94
318
82
825
688
794
709
68
281
96
603
535
996
987
622
299
294
778
758
97
286
487
261
292
614
764
20
906
458
264
324
275
889
452
511
277
514
690
775
623
945
864
719
837
242
961
994
36
828
461
464
78
146
131
168
783
174
500
498
329
95
185
492
237
205
799
360
275
602
738
364
772
363
920
242
422
503
600
465
96
431
499
964
271
127
897
545
200
820
7
564
902
631
64
677
254
721
121
7
954
967
153
787
611
744
137
124
322
571
489
636
800
799
459
512
565
222
467
79
582
697
279
737
98
754
868
701
440
918
258
123
721
881
80
35
587
167
626
150
609
496
674
860
821
35
454
965
351
214
681
372
555
125
851
64
54
641
957
141
329
523
360
980
721
105
126
318
501
888
812
238
786
348
133
167
485
651
906
243
527
144
609
703
861
759
804
267
176
492
620
22
505
833
125
913
66
959
755
59
42
805
197
837
399
223
234
807
704
569
785
403
955
76
949
639
597
503
761
593
376
66
376
815
746
855
24
628
604
787
432
130
247
987
63
996
494
242
807
10
48
810
371
259
236
633
628
126
515
62
194
890
536
844
369
743
875
470
378
892
990
187
12
619
279
613
770
361
784
316
382
690
667
345
486
533
242
927
199
395
182
852
352
838
806
633
440
176
371
662
49
73
777
786
279
830
185
265
220
414
325
79
110
742
835
779
268
7
813
328
445
822
360
160
793
717
308
962
124
1
67
662
216
372
94
998
481
283
828
471
863
698
836
256
376
510
942
363
165
531
293
529
774
303
87
915
855
103
664
918
117
786
683
503
60
819
267
495
259
946
265
96
459
892
79
297
955
786
268
215
935
320
761
949
826
415
828
988
722
477
234
614
811
83
523
160
615
279
128
975
948
771
368
180
846
974
12
442
87
114
447
167
348
653
802
562
170
180
167
356
121
845
116
418
759
892
546
18
992
216
247
923
813
390
361
938
642
983
636
955
173
950
462
388
19
412
968
600
997
375
503
403
556
584
677
721
440
893
530
100
775
927
694
318
276
652
891
923
6
863
151
354
771
502
416
990
109
540
315
88
731
688
662
152
611
135
716
940
799
286
673
303
933
770
743
461
763
619
424
630
179
854
29
722
675
426
70
956
89
349
171
538
725
792
50
803
183
768
610
50
938
951
760
699
441
706
472
611
18
108
310
964
712
260
709
625
69
58
768
679
207
447
63
253
722
341
196
198
943
125
399
748
124
984
927
999
587
296
930
118
319
312
790
933
165
521
136
191
64
254
206
190
327
346
24
330
930
673
284
46
643
676
395
521
82
929
733
91
508
699
364
822
804
477
920
720
714
373
758
270
468
783
735
162
786
550
590
120
718
570
546
6
348
423
181
650
702
547
556
200
579
834
64
52
73
229
180
149
544
152
991
267
17
627
60
211
535
468
265
232
917
338
638
68
129
37
310
903
31
812
658
494
24
63
52
232
884
711
865
221
150
26
755
385
608
523
470
56
303
338
593
601
983
192
799
936
674
718
535
607
349
686
656
548
844
737
89
273
463
978
928
808
876
532
242
541
832
352
443
825
896
465
781
116
605
564
926
187
911
497
181
114
329
807
54
811
118
344
671
344
425
608
673
653
539
964
307
986
209
280
507
56
900
986
383
993
630
333
731
268
153
544
243
497
802
265
708
139
470
204
30
404
83
856
524
213
106
59
383
686
956
621
312
922
211
867
845
703
66
901
814
341
415
554
520
924
600
130
593
259
68
237
669
206
676
658
257
48
18
546
102
937
680
438
696
242
803
982
656
975
617
579
430
131
866
359
243
514
412
460
806
611
161
659
294
989
372
470
535
125
561
519
600
756
453
475
13
5
430
425
808
96
452
127
653
848
681
855
917
484
156
990
332
972
540
286
647
786
35
660
376
820
337
212
749
487
507
227
573
846
156
966
492
843
594
57
673
36
580
3
318
770
147
904
201
294
542
534
673
885
922
580
682
382
953
848
156
961
3
872
968
499
355
435
174
783
300
330
339
415
363
361
654
99
390
370
173
168
45
651
588
133
520
798
710
235
866
323
166
35
564
33
752
180
181
498
820
509
753
352
83
344
375
626
405
223
591
772
754
595
779
718
343
635
942
99
68
210
843
60
163
356
207
86
524
674
633
882
599
636
297
980
457
591
503
486
554
151
613
710
406
983
480
645
92
750
763
177
19
244
892
853
731
61
875
87
539
709
256
683
719
37
740
590
132
333
715
70
55
451
481
696
178
843
731
945
561
863
487
17
645
448
406
557
422
846
208
76
638
652
369
829
819
376
515
703
669
850
524
728
362
178
681
994
238
631
892
195
143
917
546
748
448
111
783
396
363
430
774
774
781
280
372
312
117
572
517
589
213
365
985
254
204
181
400
852
106
212
867
337
502
345
301
480
517
856
506
890
580
789
838
651
352
472
209
492
491
106
338
202
562
743
466
966
972
331
675
663
422
18
640
613
805
603
271
543
60
252
60
927
671
156
55
92
14
589
137
25
94
177
963
244
332
487
648
18
636
525
316
337
481
728
508
862
958
706
672
479
636
739
551
460
901
91
545
466
392
559
723
703
582
314
71
101
797
974
986
697
594
915
986
467
397
127
543
291
831
390
416
50
463
700
90
807
341
873
821
891
623
485
80
847
347
532
806
372
579
291
552
51
287
444
581
630
936
870
127
406
337
721
576
695
107
624
637
817
33
575
626
865
569
879
94
143
748
872
169
872
191
863
891
31
123
313
390
80
218
790
726
310
820
480
152
70
489
638
161
474
983
61
96
170
374
662
271
648
418
166
390
635
729
290
929
655
478
513
164
59
949
894
579
939
664
782
838
583
881
815
941
595
241
682
296
272
840
626
123
179
726
501
400
140
177
579
837
770
768
292
47
254
24
295
471
829
988
457
260
321
747
330
873
58
285
350
217
313
653
738
240
454
541
758
748
315
407
378
628
288
608
460
648
336
386
513
33
580
114
897
433
822
830
304
558
345
171
466
83
727
551
71
992
259
170
72
684
840
338
977
864
489
655
543
501
659
636
475
673
392
168
519
838
373
532
729
747
767
853
990
975
321
460
873
595
441
492
604
687
843
83
69
880
486
997
629
537
558
958
750
111
65
479
227
649
407
371
468
432
467
89
137
204
423
124
335
271
447
818
305
94
132
338
993
628
221
762
63
145
817
960
81
612
696
879
484
437
642
756
329
918
191
377
612
474
41
945
449
326
327
733
616
471
500
151
723
301
471
814
749
647
436
297
317
519
515
167
10
231
479
142
994
356
514
411
214
953
167
138
456
607
960
557
304
548
953
226
179
938
844
984
542
522
631
51
481
184
283
417
551
689
998
179
316
906
76
928
464
738
241
110
164
43
58
346
858
213
948
618
618
356
549
610
394
947
66
116
6
576
897
203
641
234
800
329
258
808
117
399
674
548
151
318
324
337
397
892
326
817
926
969
240
449
856
530
979
24
389
813
428
670
315
302
72
378
627
714
722
847
245
498
411
104
769
106
329
505
121
258
243
640
5
573
884
891
407
321
294
787
160
278
226
522
99
994
893
866
745
804
484
350
596
935
35
517
416
706
978
643
438
710
706
354
523
847
263
202
136
294
62
964
460
302
520
965
871
598
479
601
328
655
961
726
674
159
699
363
394
701
944
88
156
782
66
863
566
790
264
908
117
499
793
906
47
263
71
678
89
100
159
951
74
749
513
926
583
818
43
74
920
28
307
559
915
746
700
696
368
60
416
851
949
486
791
965
898
423
511
349
344
290
357
677
821
148
835
446
723
600
730
619
963
280
554
17
955
612
8
613
680
895
654
718
600
312
849
885
206
935
183
747
755
929
448
466
931
270
568
862
863
160
217
285
705
863
581
268
813
659
644
764
165
657
787
974
637
233
87
339
609
999
768
951
44
745
905
470
443
953
991
759
601
428
216
128
244
841
157
666
391
830
595
767
9
360
799
858
694
313
576
926
965
7
890
585
298
506
151
233
845
86
257
336
370
762
998
829
194
632
690
107
195
414
795
629
539
604
313
690
2
280
717
710
345
934
276
585
669
180
707
996
609
980
461
569
667
331
323
762
853
538
299
30
255
131
509
55
603
343
594
870
89
437
165
915
36
109
598
664
605
238
45
694
423
301
572
211
355
503
208
2
964
681
441
722
509
437
256
676
729
415
313
575
387
985
369
158
776
749
169
613
226
425
964
656
423
527
197
93
129
917
765
546
23
371
980
482
419
59
813
820
125
550
783
524
857
468
496
287
516
956
637
537
181
685
752
441
193
99
586
895
519
415
289
20
206
968
187
683
587
695
747
975
55
58
723
286
57
94
275
540
424
650
897
83
180
466
490
465
301
737
696
2
348
875
173
815
137
490
510
247
908
311
651
326
392
140
262
668
916
111
994
391
116
409
182
443
840
719
282
912
531
585
289
717
343
378
296
948
192
304
734
173
646
844
373
448
758
347
399
94
890
734
892
935
192
927
132
121
73
902
255
823
348
139
373
48
298
44
563
362
427
897
355
470
129
734
320
150
530
585
776
764
340
148
770
965
932
717
25
702
856
669
794
701
198
246
291
387
532
425
669
465
882
878
972
993
516
388
388
398
461
180
742
191
152
346
219
967
600
715
320
545
67
717
75
978
747
875
796
367
805
880
799
289
45
743
362
142
338
488
266
322
589
277
219
430
816
517
320
591
677
977
343
554
348
174
296
15
105
650
816
467
869
202
697
867
84
804
172
94
416
448
898
746
636
908
839
849
186
592
176
181
321
607
599
714
474
744
916
99
834
243
614
712
612
224
130
622
688
28
227
103
943
653
19
420
768
457
105
129
184
770
684
240
677
900
695
552
516
26
181
678
476
518
934
900
987
976
355
370
223
504
223
739
407
527
390
26
139
195
394
492
793
450
532
736
106
738
952
908
452
965
364
665
793
386
858
450
544
530
187
696
506
905
31
882
432
926
259
939
348
980
794
709
365
73
127
261
414
119
25
934
17
401
224
131
224
185
407
783
436
392
931
39
106
557
163
419
707
513
201
928
442
90
728
393
315
47
437
408
627
163
515
791
315
214
82
844
960
833
712
869
344
872
450
303
501
140
4
318
982
618
280
224
223
622
796
938
661
748
223
624
215
344
125
22
50
556
281
733
107
138
74
291
618
483
865
553
925
920
114
627
378
143
585
987
402
560
7
511
18
591
197
357
404
789
504
644
990
243
422
420
520
494
440
105
371
241
320
548
289
583
460
171
848
193
996
538
443
239
9
129
298
194
934
679
561
209
172
288
503
666
896
924
503
948
160
984
316
130
982
208
489
171
883
85
406
839
648
891
258
653
89
583
781
211
963
127
573
437
288
594
789
650
352
490
808
899
226
143
68
174
44
686
100
306
631
817
670
427
702
993
439
840
176
513
812
731
604
629
778
425
957
818
112
523
462
528
171
332
271
574
466
364
953
989
452
500
359
591
855
803
109
945
98
33
141
567
101
650
736
111
191
13
386
689
104
117
921
605
9
423
335
885
24
661
718
589
320
387
595
480
241
553
78
549
259
280
193
706
425
296
727
591
812
856
192
318
229
536
218
753
256
164
865
157
317
65
602
654
160
486
44
332
939
459
609
532
931
284
484
737
624
268
202
84
625
804
398
58
16
547
96
397
225
130
950
318
753
776
126
281
180
132
50
537
663
113
421
86
800
567
805
940
675
671
113
766
294
751
901
875
591
727
324
424
749
859
317
374
804
266
601
189
36
86
364
337
724
541
98
492
75
71
588
748
80
577
131
742
931
482
308
747
684
388
461
882
874
165
103
111
78
743
364
99
833
924
843
747
498
806
409
565
877
325
907
64
249
794
489
275
401
669
29
962
317
42
556
516
329
289
84
856
711
382
775
889
121
878
54
560
193
939
682
745
540
977
7
408
116
402
675
326
246
103
485
886
652
473
449
461
291
55
211
250
207
864
449
833
973
763
438
950
850
709
804
633
618
563
243
309
987
217
967
549
995
394
134
665
911
736
771
85
223
175
540
11
670
141
795
435
374
284
307
567
643
156
384
60
414
435
676
374
229
22
136
763
857
572
680
754
616
552
410
381
196
712
304
869
268
133
244
590
522
34
916
907
277
519
822
250
607
368
709
755
810
106
740
477
22
254
394
922
958
218
511
340
804
851
143
168
2
727
253
658
835
419
625
9
56
312
541
892
935
491
916
685
298
261
132
597
900
944
493
16
121
228
778
810
622
896
568
490
470
853
765
623
943
271
971
993
653
781
221
297
509
516
281
402
556
783
919
489
345
498
601
356
193
814
403
872
138
271
500
269
338
637
53
469
696
472
898
219
266
679
871
9
193
579
197
765
818
399
734
452
431
123
445
415
326
946
136
997
56
520
498
481
404
248
877
573
620
324
221
432
1
958
451
732
835
631
392
99
147
415
464
707
909
452
929
671
504
630
220
121
296
538
67
412
230
286
20
471
997
253
165
615
720
610
248
867
195
514
305
886
672
29
326
640
819
934
366
150
311
843
453
340
530
111
815
128
46
390
826
161
786
265
594
600
193
363
807
437
785
186
249
77
655
786
487
98
576
135
708
188
627
761
355
679
342
605
989
5
846
938
361
573
699
720
315
764
251
144
927
235
29
728
712
240
121
662
676
322
350
511
778
200
468
600
776
857
532
813
14
33
989
504
246
794
592
172
704
257
789
690
433
907
871
340
284
184
766
600
413
247
524
640
345
378
147
80
817
987
884
343
953
910
434
473
364
609
841
220
618
314
73
401
477
800
936
806
968
100
47
122
473
505
930
680
281
226
110
352
841
179
631
690
511
715
207
429
617
961
502
351
249
244
662
485
162
719
294
565
706
653
554
410
888
888
616
680
400
329
334
377
997
403
451
936
567
305
931
691
469
490
847
174
964
369
484
118
152
866
2
643
779
889
944
689
716
117
847
576
625
278
164
547
696
91
241
351
874
79
62
85
337
532
132
417
308
88
67
979
137
136
565
486
178
330
706
383
339
839
333
656
818
745
542
62
904
601
650
256
823
749
120
705
733
816
62
160
160
578
235
949
58
353
469
823
463
880
927
956
93
167
235
24
180
483
942
322
309
223
236
859
983
107
761
848
656
765
19
138
345
861
180
716
654
270
884
341
444
449
526
71
875
603
466
743
622
483
739
694
928
173
777
487
562
954
170
314
363
499
372
904
559
508
391
400
682
798
193
778
727
263
25
666
604
349
384
695
929
121
605
356
265
593
264
358
407
937
897
407
669
531
242
899
441
860
490
393
161
81
763
524
632
857
239
643
457
765
30
342
524
246
811
914
847
557
440
502
7
249
95
399
647
604
123
449
967
343
398
823
129
887
644
324
120
312
352
179
170
905
429
108
240
88
695
17
995
600
195
608
25
856
445
833
160
854
569
234
826
924
404
321
186
449
635
42
23
787
379
418
198
523
588
931
548
122
728
512
284
115
168
484
766
808
297
990
793
346
738
520
274
115
858
488
653
926
448
894
348
218
402
7
558
531
426
938
97
897
910
289
83
493
447
290
173
465
533
118
226
839
848
761
814
45
945
196
642
871
779
984
975
85
636
564
57
767
849
840
407
815
609
666
783
286
336
305
63
729
95
969
858
253
26
695
751
545
450
285
824
299
308
767
962
485
826
743
456
233
744
238
637
979
793
4
498
438
355
163
964
282
833
567
881
973
848
480
869
599
756
98
592
690
627
356
2
985
850
633
610
928
911
84
124
413
958
631
201
126
472
150
507
188
121
135
513
542
410
396
55
664
774
717
897
612
848
679
434
538
117
130
864
941
670
682
75
846
505
147
54
453
871
907
964
213
473
402
991
664
183
309
837
578
90
724
716
634
227
552
0
103
939
561
586
359
252
991
643
389
128
352
313
380
185
657
553
511
928
600
582
275
698
738
688
656
47
672
745
483
541
911
84
184
157
528
703
662
876
557
315
395
356
317
721
401
796
514
591
241
662
697
572
168
856
18
184
591
357
617
775
584
244
43
711
901
977
133
96
794
203
810
756
62
86
851
279
871
769
244
809
644
915
397
273
366
82
142
308
89
332
118
86
751
241
894
81
847
440
449
740
324
114
535
805
904
276
730
546
67
617
665
109
503
759
675
486
822
480
454
221
397
580
473
216
266
189
222
265
461
419
52
332
51
705
636
175
673
720
770
339
271
834
15
267
914
866
941
107
646
370
186
186
612
77
480
26
569
190
444
512
31
617
486
895
704
288
904
450
503
576
755
498
850
134
886
700
517
972
409
983
648
288
153
412
373
399
140
335
794
30
328
941
318
569
334
406
633
624
717
157
540
766
436
886
940
907
456
0
33
949
728
290
564
987
828
979
328
650
493
52
239
476
761
81
928
413
150
937
192
687
337
465
240
649
839
160
765
531
324
398
421
429
353
694
288
665
268
374
973
71
779
44
663
511
984
99
16
348
684
279
125
671
149
413
137
577
722
463
318
365
137
766
793
181
174
649
414
740
647
957
885
964
277
269
451
337
126
572
811
710
265
784
102
214
889
986
777
805
350
731
447
913
504
386
966
803
349
867
230
610
29
33
111
2
469
407
218
833
433
252
323
362
653
293
493
174
413
504
783
655
187
926
230
967
545
408
139
497
775
853
646
589
832
10
83
386
105
164
972
631
505
226
103
770
879
206
826
389
464
230
92
742
504
30
909
463
571
160
288
989
852
366
344
972
358
239
10
450
906
569
186
275
296
527
320
766
177
411
323
613
371
836
950
586
238
51
651
856
248
379
934
145
948
960
92
807
729
177
875
596
95
608
490
829
180
826
613
244
49
354
138
349
351
331
384
236
902
254
553
517
590
672
908
427
703
440
888
285
487
456
278
822
402
593
447
501
583
436
238
397
272
742
350
317
506
971
727
874
670
231
405
795
734
56
586
829
956
176
894
584
760
347
828
194
521
324
310
787
351
844
227
89
54
533
968
149
756
43
397
981
758
757
394
259
936
955
425
478
589
488
733
631
334
762
676
375
654
391
497
327
917
875
693
944
642
247
927
997
911
84
585
637
120
473
933
157
572
664
424
566
448
791
654
498
40
22
590
629
503
413
351
745
832
832
523
955
254
125
323
925
433
965
795
523
442
738
832
257
138
656
895
116
118
990
135
777
133
855
578
516
740
28
680
882
538
588
149
712
840
503
484
749
835
735
844
613
150
937
826
472
249
274
159
754
686
13
51
972
222
628
729
732
543
133
917
792
57
727
620
872
857
436
131
965
821
82
859
21
170
245
115
232
874
807
918
167
746
811
735
340
803
350
210
269
822
415
725
749
70
704
223
156
33
5
911
285
143
101
976
153
166
863
524
883
101
647
351
179
88
128
149
815
420
436
430
719
763
818
160
935
73
384
94
419
528
82
169
405
209
529
716
787
540
14
644
983
138
361
15
143
545
966
252
550
576
943
180
506
748
80
743
56
754
502
378
580
773
330
407
702
778
741
70
761
195
179
387
614
81
621
712
9
149
346
396
450
824
335
260
654
434
959
153
262
80
203
834
393
706
133
827
534
268
290
646
749
770
862
434
231
609
812
321
98
972
87
94
561
605
715
14
251
444
471
998
387
213
575
230
673
997
436
325
943
141
831
597
22
642
358
88
577
292
422
34
26
285
490
89
685
245
595
635
754
676
425
47
246
127
40
647
140
287
975
419
487
286
733
82
452
459
220
885
542
48
346
588
778
866
654
749
836
424
128
322
913
992
117
67
871
455
969
243
274
255
205
631
872
942
931
109
207
69
791
217
533
686
657
30
400
993
465
907
712
408
106
355
850
761
938
914
742
413
832
957
923
15
143
337
321
703
842
998
823
591
440
245
870
133
763
720
542
683
299
90
759
883
264
327
747
87
464
444
323
104
46
34
303
717
60
911
201
279
218
846
668
115
791
752
857
135
783
27
914
456
93
450
339
123
675
373
158
810
601
674
758
986
130
36
390
483
789
355
402
39
986
828
406
767
723
683
14
858
709
702
830
31
271
372
331
518
587
173
161
274
274
11
407
633
549
66
64
935
881
900
259
399
483
665
373
340
444
981
77
823
174
969
201
402
816
630
759
580
423
720
742
558
670
96
614
278
406
308
269
201
449
403
788
967
916
851
897
433
883
214
694
670
218
437
2
831
201
467
167
711
943
85
412
247
995
496
403
201
910
723
781
611
861
183
757
166
670
732
211
384
296
878
802
623
288
185
579
15
457
280
11
126
620
116
819
661
481
403
550
105
445
814
209
764
276
488
614
310
0
196
73
727
890
702
247
562
473
909
803
922
337
399
499
464
30
437
138
856
153
473
744
280
338
934
991
763
111
494
791
293
571
906
148
40
970
37
326
718
732
849
682
792
921
311
287
950
924
57
451
624
291
595
423
900
485
977
937
681
805
538
168
204
454
142
629
865
328
931
88
212
738
790
288
296
544
504
711
696
695
991
133
260
198
976
477
494
727
849
917
326
823
651
73
411
130
424
306
715
243
129
27
980
498
59
61
379
566
323
628
398
374
32
625
565
203
360
472
478
312
70
869
546
420
562
587
937
183
352
341
909
859
302
321
614
197
65
969
257
836
575
572
639
634
587
269
307
657
348
498
852
359
166
327
620
877
157
700
464
140
71
189
969
505
514
896
594
659
991
116
810
530
229
760
892
91
72
170
990
937
771
553
272
629
515
965
869
193
254
157
718
402
573
905
381
605
62
362
215
883
869
671
262
79
947
161
446
696
983
568
158
442
85
855
977
826
500
214
814
465
597
383
84
776
856
147
674
534
401
78
430
974
739
400
733
404
91
189
11
345
361
767
786
597
210
371
96
525
354
874
245
741
624
16
66
479
234
866
112
229
379
84
775
443
954
368
150
521
413
246
883
575
789
672
892
850
763
981
109
174
84
113
458
932
169
450
520
599
98
150
159
185
845
99
674
747
713
544
410
629
359
642
480
562
699
17
458
440
520
317
616
166
10
627
183
135
64
220
653
167
617
151
318
851
501
133
439
445
224
422
145
24
75
443
336
121
764
372
973
327
415
923
105
765
996
712
722
5
763
613
331
551
270
85
295
234
54
337
198
506
776
100
491
259
864
392
109
245
271
367
893
569
82
95
415
874
755
800
45
991
884
903
768
64
81
304
600
135
829
615
502
538
432
40
552
374
191
985
805
30
516
772
945
403
616
809
507
342
238
851
158
29
42
737
301
426
922
688
410
842
620
552
952
324
104
236
239
968
751
398
88
283
876
418
827
704
969
561
925
120
14
425
805
846
246
587
849
692
442
254
941
434
610
714
340
521
713
815
361
666
632
22
440
916
38
433
505
758
862
223
637
569
425
450
700
962
895
533
758
399
64
312
376
16
983
118
42
424
25
969
302
579
619
700
764
482
466
848
148
717
102
955
195
457
594
383
593
618
157
175
418
650
828
543
173
947
780
764
17
274
819
490
878
148
422
21
11
709
704
225
964
686
266
62
270
191
254
582
670
150
288
561
182
262
15
692
754
148
736
565
651
182
716
465
945
533
147
258
558
964
841
491
128
329
784
366
424
587
151
169
385
845
777
955
914
923
520
869
48
258
51
951
678
133
886
888
326
453
898
131
901
256
508
174
786
333
322
373
31
335
340
934
699
320
39
70
438
728
479
716
951
478
86
268
419
286
272
511
351
884
402
344
584
0
418
330
120
411
168
801
892
64
957
431
307
910
418
64
626
646
413
7
398
32
360
610
82
978
667
988
546
595
83
817
110
21
58
919
283
530
376
820
158
513
914
578
643
48
651
618
5
820
313
584
759
167
89
755
762
113
637
272
480
842
61
919
264
15
996
430
163
451
324
348
335
592
436
129
105
118
705
557
457
34
19
886
440
387
186
693
909
842
64
147
225
672
617
464
791
85
112
485
384
189
924
451
277
853
827
203
134
63
941
687
748
482
452
184
586
990
722
634
553
654
140
765
284
926
958
22
945
743
295
5
841
553
174
480
265
257
397
448
138
619
181
802
463
226
771
816
541
525
465
1
151
676
832
343
202
700
988
71
942
142
280
511
167
607
308
699
627
867
308
112
493
476
411
372
377
274
752
485
457
571
576
434
511
213
956
927
260
112
772
845
816
610
579
121
963
438
253
820
883
461
495
347
383
415
774
87
84
971
179
727
917
493
678
21
257
976
336
399
704
309
69
255
717
810
553
21
331
694
562
306
601
684
207
529
655
479
111
618
526
605
917
374
779
918
323
298
204
318
413
5
54
689
799
196
687
887
569
993
111
977
482
840
4
827
3
706
966
193
725
316
72
103
141
162
401
260
223
785
986
695
866
59
800
981
346
14
884
785
307
655
417
749
493
243
437
815
755
990
404
416
312
287
674
33
804
588
112
191
555
218
353
274
223
936
932
864
255
268
284
695
528
222
327
658
931
628
60
755
111
557
865
490
729
778
636
141
937
282
744
409
886
781
482
95
788
147
948
347
229
966
57
913
535
437
890
449
597
787
993
389
800
951
445
15
63
325
149
505
348
709
864
399
481
106
828
839
178
502
310
925
437
100
418
608
176
718
962
585
754
192
868
101
861
13
975
689
562
608
295
685
693
165
546
140
298
42
273
594
88
408
219
655
206
110
774
124
612
8
831
91
522
836
276
916
342
949
793
389
634
827
968
578
405
11
60
933
691
187
815
856
759
873
682
80
560
884
814
980
545
619
289
479
254
621
859
34
140
569
505
325
616
94
489
487
459
973
255
37
708
54
40
991
206
433
605
537
915
63
650
33
762
391
399
588
461
204
911
526
694
975
152
961
75
506
226
661
679
77
875
802
859
372
418
546
525
296
698
618
152
197
514
82
820
836
195
979
351
154
81
641
756
873
581
553
435
373
738
916
898
250
472
300
50
620
773
935
356
198
410
242
78
55
221
336
361
226
443
3
293
558
905
730
623
797
74
612
121
456
403
547
259
179
333
396
345
189
587
751
652
707
157
514
662
926
476
106
568
969
416
37
350
647
734
90
134
653
181
906
180
732
483
723
754
922
947
978
38
689
155
225
676
528
859
633
334
240
104
114
401
770
889
480
514
175
113
656
209
640
959
532
125
391
595
715
615
134
842
725
587
479
428
461
5
659
939
288
920
414
47
21
205
467
608
525
938
805
635
237
313
558
200
306
626
75
243
740
923
303
514
574
607
598
711
509
453
165
23
958
707
849
833
597
27
197
51
852
469
721
546
817
684
807
896
835
53
406
51
422
69
213
195
948
179
536
428
286
990
15
541
148
608
856
648
18
299
929
739
932
883
18
446
251
181
851
847
520
933
922
226
488
454
552
389
368
6
532
587
355
56
471
126
618
534
730
26
99
694
997
392
262
884
10
57
571
665
986
52
480
491
446
866
610
93
536
567
74
560
738
387
682
937
863
146
919
789
521
625
601
267
35
466
361
873
992
985
219
314
876
248
932
878
946
185
565
242
981
938
97
633
58
309
411
235
885
240
92
606
420
219
852
546
578
456
774
409
709
424
969
847
249
211
579
174
373
520
841
773
303
982
725
554
844
793
23
558
67
18
504
144
371
936
658
676
153
292
300
213
583
452
309
600
897
149
614
388
129
326
493
567
750
379
807
506
897
559
710
128
768
822
12
259
998
26
934
576
194
708
300
236
327
502
368
382
516
310
325
686
133
645
522
583
170
848
447
138
999
983
767
179
180
269
495
735
445
624
230
710
964
105
853
822
797
125
377
848
563
909
951
471
913
171
103
558
940
311
236
256
615
561
667
254
95
711
858
285
0
985
43
391
23
691
368
243
65
531
513
199
628
900
61
764
821
185
749
74
338
958
95
134
193
676
753
978
369
468
796
780
935
182
204
937
299
642
509
236
956
974
592
713
369
505
478
55
818
391
148
261
942
950
199
668
398
529
314
982
458
363
30
789
506
711
26
983
784
869
195
928
204
135
301
680
272
917
515
991
150
541
163
255
694
719
213
985
340
208
742
282
650
726
768
807
417
652
620
6
606
789
371
143
299
46
273
235
195
831
579
148
746
43
762
806
836
897
129
373
349
689
836
598
833
619
9
26
53
972
579
728
421
554
772
634
175
91
243
291
520
913
799
567
215
656
91
444
207
923
426
280
432
68
804
35
191
75
314
30
548
992
598
484
253
52
927
80
450
773
892
839
769
97
326
447
451
30
931
240
14
902
377
386
116
488
495
704
812
165
194
868
720
921
551
386
423
675
315
857
491
486
235
647
293
56
337
380
495
395
709
579
763
979
509
228
611
55
933
566
544
931
490
747
135
549
947
323
153
318
281
502
114
204
233
564
508
198
336
191
604
408
255
692
557
263
374
342
572
687
245
587
372
611
297
571
43
556
172
30
196
79
121
709
582
328
486
213
662
899
10
863
785
4
41
51
332
909
86
654
639
425
968
817
110
22
504
405
138
744
786
555
673
324
922
409
913
306
769
66
139
343
912
76
493
81
484
441
624
500
475
22
900
428
582
616
872
412
487
7
102
263
988
955
766
926
565
919
266
241
427
603
83
377
777
135
98
581
568
260
33
659
933
997
659
746
902
118
904
533
413
68
598
923
387
365
493
725
953
257
553
359
51
385
542
658
206
343
487
873
988
150
527
211
877
60
668
9
688
541
752
641
474
433
434
578
230
1
4
64
247
598
670
234
802
283
860
42
983
164
996
373
544
599
602
484
443
617
663
738
573
644
95
959
888
416
938
276
406
320
213
256
630
583
426
563
783
714
981
889
987
687
641
921
750
102
658
78
630
239
828
573
597
268
140
752
660
720
885
115
979
161
935
654
311
242
611
162
971
868
681
63
586
766
957
708
683
235
160
561
391
955
563
506
439
492
233
717
521
514
733
382
116
604
282
576
521
305
234
967
286
555
569
395
173
884
859
280
138
654
866
236
469
191
716
649
724
780
13
587
525
125
690
412
698
810
966
543
53
196
751
33
215
591
619
990
932
446
544
835
777
792
673
680
633
66
352
1
643
605
720
69
216
577
410
430
940
250
531
650
651
497
603
769
494
103
337
920
302
326
893
390
672
624
542
901
210
164
749
147
101
749
426
602
699
286
998
316
467
708
121
659
386
954
140
471
428
531
361
761
748
787
2
617
768
206
32
483
481
694
405
327
641
543
571
665
566
133
774
766
846
976
176
136
355
543
236
19
497
627
629
825
757
557
415
771
185
907
766
674
285
327
30
597
912
160
891
403
432
925
274
131
518
695
272
82
141
630
441
949
820
687
211
928
610
757
661
766
682
334
202
529
23
895
18
437
274
18
722
0
474
398
19
349
26
48
281
537
121
281
757
917
462
552
477
853
843
738
946
96
428
247
931
538
815
695
744
142
190
380
1
912
355
449
671
474
395
763
443
741
695
720
935
626
823
142
394
657
247
708
232
914
462
879
304
459
804
646
799
433
533
590
958
258
532
669
184
219
753
417
63
973
53
97
639
741
478
919
762
364
942
644
389
420
769
76
347
557
463
132
225
78
582
465
194
968
716
578
420
111
99
57
43
714
878
798
284
742
411
893
445
502
770
609
43
774
669
929
843
831
983
1
277
269
258
436
910
936
412
393
461
104
146
884
352
948
408
830
736
461
247
151
211
102
360
667
264
415
193
139
944
251
581
190
659
782
888
247
368
563
148
721
138
196
941
568
327
931
604
130
306
154
250
790
820
166
371
43
574
209
477
188
402
287
33
170
59
49
441
419
898
449
939
866
426
813
245
631
367
351
521
865
290
124
323
520
704
428
481
120
476
602
834
867
33
684
602
502
381
549
525
783
195
233
361
597
823
961
153
136
703
472
168
827
664
100
315
64
823
665
394
746
922
699
448
512
485
386
112
745
441
723
155
715
554
293
783
305
736
305
706
228
169
453
880
272
388
162
409
451
273
85
839
162
312
419
910
772
7
841
876
83
575
291
755
672
569
971
525
614
93
324
48
290
428
263
482
617
639
742
734
563
910
936
567
302
30
340
989
606
445
769
998
164
800
397
159
653
431
884
3
772
966
156
34
90
976
606
590
973
39
392
58
751
263
201
356
801
676
156
324
751
712
89
837
797
578
536
532
202
164
616
119
492
947
287
857
637
140
154
611
612
661
783
556
751
386
297
3
680
762
148
428
789
785
226
314
253
126
790
525
175
160
486
572
181
540
326
884
18
850
83
905
271
562
477
740
308
705
984
799
197
320
484
525
82
774
876
69
964
341
661
120
973
875
88
776
640
2
233
892
401
865
304
697
309
244
384
372
245
706
918
125
999
62
452
942
302
857
935
69
755
333
238
245
843
829
748
12
363
267
624
528
962
777
2
163
318
197
769
777
930
711
563
88
894
916
692
647
663
40
803
538
681
432
729
701
274
142
995
743
544
256
930
617
958
11
794
806
51
587
15
462
276
407
351
814
691
259
731
322
463
397
151
189
958
412
461
928
369
534
933
761
767
338
9
622
724
589
869
619
419
568
164
336
274
545
449
223
53
985
219
444
774
135
621
294
731
803
116
773
472
325
562
884
79
327
763
648
837
832
86
618
566
971
70
186
692
711
762
260
876
600
618
744
746
526
819
148
839
276
28
29
311
364
690
414
688
792
289
439
719
964
572
610
261
379
478
738
378
320
466
893
449
662
817
284
309
905
394
72
514
23
886
55
87
633
92
215
730
982
266
914
108
970
958
659
735
826
20
592
725
156
473
577
523
413
823
536
238
978
961
105
220
147
194
156
615
949
49
640
805
592
960
866
516
736
613
622
148
255
680
454
437
299
894
865
242
772
462
381
550
512
874
920
46
274
648
43
255
193
809
832
906
301
289
262
533
216
641
379
53
666
26
273
224
965
883
492
215
642
444
107
875
875
987
836
544
939
527
301
376
75
892
496
721
7
295
175
297
888
882
529
232
435
281
803
184
130
326
291
977
913
906
873
392
500
893
38
192
662
465
921
961
445
786
520
96
821
368
388
488
674
679
537
95
922
790
740
420
674
80
813
688
152
496
15
282
185
688
966
168
412
980
537
770
678
250
655
345
767
789
790
864
253
882
818
50
239
250
956
348
773
505
939
276
143
822
743
347
795
436
547
271
371
713
954
876
750
245
142
171
389
653
909
963
904
537
581
896
411
474
657
161
740
464
37
526
886
307
438
162
26
705
502
765
940
423
622
894
4
771
476
743
143
482
448
400
509
965
58
825
676
633
230
666
645
791
498
453
365
265
359
847
943
334
110
379
735
456
93
984
82
260
178
388
237
378
752
336
11
758
40
261
259
550
233
679
465
588
507
466
708
126
936
835
904
364
604
696
53
42
630
154
223
720
96
362
327
334
804
474
490
171
39
557
833
632
99
97
473
696
735
668
331
675
473
637
871
340
311
532
940
71
602
421
35
54
29
617
517
462
765
830
554
38
360
224
284
408
899
591
307
155
415
323
562
48
451
773
170
307
280
400
358
477
553
648
886
976
105
266
895
690
666
732
179
621
331
702
950
526
114
145
905
45
802
927
714
804
454
612
891
284
351
667
553
84
898
708
816
700
942
116
462
137
180
821
405
457
303
360
149
522
631
592
338
181
641
601
545
321
9
65
792
558
155
701
151
142
229
319
394
107
177
903
504
741
386
512
641
818
421
29
883
283
979
3
437
117
467
160
32
93
517
588
931
384
580
263
526
178
780
980
554
884
13
756
455
556
541
302
589
712
317
933
135
282
325
66
476
371
378
116
368
273
553
182
427
291
772
808
40
143
652
728
297
457
135
802
729
295
773
997
322
882
182
225
104
184
14
710
950
504
419
142
191
597
798
926
768
7
432
720
964
342
896
221
455
984
26
793
960
485
81
415
745
346
696
287
440
699
494
710
795
276
968
605
127
921
875
444
274
300
755
544
554
967
661
354
461
827
420
946
994
312
946
220
824
86
100
594
238
427
156
154
939
950
657
33
479
220
281
672
329
369
490
55
282
26
46
335
113
920
77
100
129
310
647
618
129
823
354
151
810
858
496
906
982
64
141
419
534
592
688
323
453
223
112
885
68
182
481
221
973
863
318
863
108
137
945
363
594
548
513
824
988
830
956
911
52
584
101
378
30
251
103
956
694
71
187
666
48
220
878
843
504
298
951
932
427
799
935
287
917
455
354
404
212
305
613
120
109
287
241
758
918
534
247
908
468
623
3
655
342
509
718
577
697
831
39
2
262
961
658
764
465
774
676
916
210
825
654
870
17
381
288
799
134
128
479
825
255
327
874
803
982
838
193
111
218
576
975
929
4
334
26
180
365
939
840
774
159
359
205
967
633
113
226
974
758
611
32
901
904
137
669
527
520
50
598
446
954
611
638
193
263
592
126
70
883
652
694
92
913
226
34
69
715
701
600
610
926
141
545
408
93
507
519
633
421
408
406
894
233
825
701
811
95
685
151
675
114
353
109
374
313
564
550
144
88
863
210
36
150
536
67
161
31
327
269
627
363
527
728
309
143
1
556
118
538
990
468
850
450
684
285
123
184
699
569
702
177
288
343
971
694
194
286
752
599
59
402
173
12
608
549
93
140
501
458
219
81
467
622
995
419
859
608
699
492
8
778
33
932
704
384
63
271
171
529
621
203
600
580
629
246
507
565
725
280
883
615
840
892
732
492
286
613
760
323
694
495
59
42
41
747
271
668
888
575
341
300
752
853
349
259
285
627
432
807
462
683
212
28
407
427
984
903
748
688
537
633
93
591
468
632
868
237
188
92
487
751
998
745
138
388
980
456
357
697
711
715
638
301
520
721
40
519
777
318
180
436
615
527
342
702
506
925
508
689
625
344
291
624
24
109
155
15
595
907
755
450
791
674
135
686
647
509
249
286
85
842
463
946
849
328
284
426
799
240
729
689
252
831
428
536
649
123
185
472
875
675
553
93
242
172
377
223
328
465
780
226
701
219
483
904
137
538
988
45
89
538
377
652
478
521
955
977
994
81
390
630
164
313
982
49
982
104
98
126
877
917
1
121
304
136
978
831
341
757
920
126
241
883
846
594
447
176
855
953
66
223
313
193
78
396
507
960
820
775
117
212
572
752
510
437
696
618
228
848
598
306
703
381
239
818
71
363
38
505
40
922
691
662
739
393
504
293
983
145
147
128
23
362
894
882
301
85
27
632
287
369
476
833
194
274
186
688
837
407
172
87
119
251
115
222
763
134
764
860
194
908
781
748
721
55
131
940
294
728
571
19
597
948
351
705
640
949
540
316
398
470
970
448
91
827
171
526
329
848
216
280
388
769
584
395
660
602
2
886
871
176
254
794
534
432
799
619
753
766
875
399
165
432
518
676
420
988
811
678
621
567
957
225
438
464
77
700
600
149
37
167
810
756
821
78
392
804
667
222
869
69
888
272
15
469
713
116
730
517
339
888
440
156
51
392
215
410
900
704
379
207
194
560
350
476
135
935
709
810
772
259
557
650
163
912
446
358
650
136
110
646
482
769
593
77
65
501
448
5
813
854
847
47
938
792
124
328
486
300
564
865
666
962
776
750
636
470
193
473
163
663
271
359
250
348
968
627
73
63
863
866
160
471
931
383
5
152
994
520
440
286
654
145
941
818
719
591
826
971
144
23
354
345
158
552
609
55
766
935
881
79
46
58
708
50
640
150
867
720
451
172
526
108
914
730
621
643
200
78
678
615
124
513
296
392
874
641
576
426
962
191
34
108
581
859
274
728
989
724
195
295
676
157
552
927
128
460
769
975
501
636
720
473
876
581
333
497
683
187
55
710
612
725
580
967
443
998
98
280
74
241
934
773
319
793
518
6
624
79
650
907
294
63
600
26
848
701
241
919
545
268
837
723
549
391
766
496
535
188
4
891
767
973
301
235
651
385
471
322
507
627
568
26
481
681
854
161
105
640
371
936
117
877
300
528
452
951
418
558
228
588
936
385
557
489
709
625
176
150
653
418
728
512
27
706
360
25
834
407
254
533
972
316
214
759
474
758
9
156
254
42
743
805
493
993
939
723
313
606
791
822
350
783
784
438
35
115
154
310
83
932
447
118
637
388
580
336
208
452
757
197
571
627
74
201
92
588
954
676
536
867
855
50
275
81
177
478
104
910
552
970
194
311
148
658
620
968
656
18
6
595
239
796
97
713
837
815
37
449
488
181
305
887
120
467
955
311
797
766
713
306
401
652
415
528
134
321
449
199
41
659
260
42
847
504
832
798
342
135
520
497
207
436
981
403
267
920
576
650
540
808
383
9
709
988
346
208
956
571
158
178
31
565
641
522
517
705
511
328
831
633
549
59
319
706
732
711
975
704
904
449
844
402
834
280
181
522
475
847
247
472
745
560
83
791
551
707
730
687
608
79
471
229
556
104
110
88
926
826
12
333
365
933
463
718
290
873
215
318
873
884
950
152
716
562
116
73
900
140
741
730
97
84
359
595
788
472
414
277
435
325
379
766
733
197
997
986
942
564
374
584
501
632
785
107
309
351
442
362
561
774
191
251
691
399
285
779
918
482
375
32
866
807
234
715
369
282
284
272
24
457
143
48
439
810
552
897
268
424
69
60
221
432
959
496
838
335
971
885
666
254
679
715
100
361
204
36
56
868
14
7
734
606
708
118
887
11
596
915
75
533
702
550
922
651
237
314
721
997
761
161
944
854
560
285
985
402
534
105
164
506
418
455
9
630
412
187
629
539
804
687
177
685
436
664
126
534
529
81
566
744
766
608
711
287
97
766
337
67
706
978
411
925
273
408
289
167
527
557
104
265
144
734
829
681
832
218
347
898
420
846
27
497
722
136
353
364
147
782
780
51
591
695
174
724
666
562
981
882
558
53
338
773
129
17
952
344
609
941
287
431
501
415
265
663
293
178
836
603
341
21
602
307
757
744
181
448
765
677
767
694
96
948
777
520
814
254
274
523
183
311
698
460
212
734
480
443
608
847
249
932
927
539
898
579
701
61
512
744
978
577
61
315
269
424
918
834
567
535
955
89
130
257
758
721
770
42
535
60
186
701
800
152
161
456
733
98
614
567
366
901
98
454
16
483
526
419
680
754
301
779
194
403
723
923
457
360
470
946
872
227
11
286
816
703
612
724
139
657
81
628
833
918
388
332
288
420
82
852
33
425
7
737
160
921
161
902
445
158
616
120
361
216
460
593
515
200
159
663
652
303
148
830
119
132
265
531
733
446
777
322
903
399
221
995
526
50
804
768
720
310
128
603
379
90
371
597
695
131
762
122
847
109
25
203
249
55
616
508
246
66
916
111
499
99
24
736
697
758
477
547
403
877
935
731
574
634
515
956
509
162
622
851
734
170
616
997
438
838
641
781
460
880
730
18
221
661
807
976
820
38
395
710
733
102
44
440
794
191
281
309
301
827
322
900
591
375
983
210
952
42
156
471
744
207
843
523
517
558
274
563
542
138
470
944
304
95
8
34
159
362
599
744
463
838
686
147
667
332
888
220
477
866
986
995
664
695
111
90
491
206
905
177
14
329
79
923
362
912
690
577
756
771
948
797
506
12
387
74
250
744
18
458
519
151
498
136
364
482
15
95
598
124
29
330
821
444
453
766
204
947
730
573
946
601
113
988
368
876
104
991
291
36
222
500
236
912
140
45
654
725
34
434
951
777
749
134
123
803
824
273
550
533
616
750
57
756
197
53
31
295
365
812
320
423
811
138
373
38
672
636
380
611
505
915
479
500
482
533
280
981
816
763
240
649
613
276
689
933
72
176
136
77
11
512
63
146
489
915
97
825
863
956
359
346
226
98
995
270
186
304
620
650
750
470
697
676
64
79
873
388
234
990
443
133
121
898
753
468
425
57
394
208
97
884
679
698
696
224
438
239
135
821
510
667
105
610
235
105
322
688
219
328
644
109
295
88
391
148
822
678
945
4
598
300
532
366
860
388
568
747
863
430
449
757
288
216
58
845
516
366
353
765
997
58
885
366
461
901
830
501
509
319
307
410
470
84
106
481
998
232
428
108
677
44
950
921
24
736
944
824
93
763
135
504
752
602
309
506
526
709
684
29
256
496
463
612
122
185
370
69
620
765
787
428
177
384
616
183
295
460
331
875
102
777
956
463
300
775
357
791
192
56
52
404
773
801
524
234
482
402
117
874
992
84
85
809
11
466
199
249
412
875
411
310
102
528
182
268
657
953
468
935
820
357
339
362
973
849
530
508
901
944
753
937
416
772
227
805
947
412
457
654
193
262
73
890
471
7
727
142
110
697
474
560
353
204
499
8
808
817
753
955
853
354
928
896
397
206
508
183
104
980
536
765
188
621
132
589
703
615
510
908
148
199
904
580
857
830
795
740
430
368
554
541
624
889
674
992
710
553
152
926
260
874
52
88
686
47
100
601
183
695
836
920
67
834
445
50
282
339
499
95
263
959
60
916
159
677
494
529
869
238
79
468
773
903
3
886
711
357
418
332
183
160
16
201
827
307
249
778
165
10
268
138
698
301
23
710
753
253
508
644
584
709
906
456
892
283
399
559
791
694
917
872
23
401
906
535
964
577
860
252
930
532
997
67
632
899
892
773
592
794
844
71
376
901
640
754
216
405
791
339
958
386
893
291
446
147
211
842
678
861
519
711
121
465
662
916
233
513
810
400
210
115
247
380
965
614
218
442
467
533
812
522
211
395
571
879
550
302
641
338
208
934
161
77
401
776
552
243
101
694
313
334
497
209
932
737
575
66
575
280
484
573
404
4
55
95
101
371
549
945
758
375
763
61
115
486
787
841
730
514
876
18
401
73
995
939
499
376
166
566
967
548
226
370
290
281
498
494
566
487
780
725
130
833
591
298
172
520
416
909
108
255
165
551
3
560
833
578
556
360
201
453
186
902
6
111
35
145
748
785
971
627
930
537
172
728
604
724
284
516
542
172
375
828
81
914
206
651
258
806
24
120
649
781
881
54
24
922
449
525
53
720
486
407
41
78
76
373
522
676
867
490
309
925
762
656
472
758
27
722
640
942
135
154
910
166
931
92
599
571
955
643
396
842
510
427
343
291
114
214
264
49
194
906
679
641
813
531
690
985
945
829
1
179
431
789
960
249
73
393
637
699
753
92
963
183
68
967
350
689
567
461
791
228
304
213
34
431
920
77
55
291
832
12
646
652
234
953
439
462
809
707
696
890
356
993
976
801
878
59
228
960
98
224
495
388
93
73
343
280
484
750
158
93
24
760
607
138
711
638
794
188
269
844
689
599
51
136
628
309
127
647
33
199
75
681
808
962
458
600
462
883
448
838
561
671
482
775
428
284
39
204
674
676
45
986
112
923
742
75
614
582
620
427
639
142
19
838
130
174
382
120
831
505
605
693
558
488
165
442
844
147
240
307
999
125
351
839
885
365
342
497
368
978
399
776
340
934
689
305
364
503
385
411
778
122
522
571
486
337
658
898
177
958
349
740
121
296
637
785
279
838
306
153
56
953
895
820
250
359
925
985
383
221
76
232
518
349
79
720
112
33
775
957
865
54
243
821
736
972
279
658
152
125
706
629
583
148
236
833
367
841
112
917
100
626
62
22
853
907
468
61
246
881
190
956
469
947
348
7
667
194
811
809
246
955
86
340
893
67
479
605
812
442
944
439
624
267
575
975
469
227
658
40
662
744
575
840
900
788
631
819
316
26
931
734
194
160
375
70
362
165
607
378
592
941
432
254
574
723
312
962
639
78
464
243
873
975
992
376
496
138
604
607
49
91
566
681
980
979
740
899
638
459
532
607
301
912
125
898
69
359
128
71
290
171
478
12
895
718
203
707
639
964
860
325
971
734
37
346
171
61
966
507
872
220
95
659
649
179
121
971
196
570
575
606
472
91
605
365
480
676
895
731
603
339
766
987
922
858
359
641
761
461
76
942
417
281
62
192
469
368
827
905
316
234
133
319
815
598
60
612
652
737
917
791
546
278
306
979
245
624
708
926
556
876
942
780
897
193
668
5
481
348
499
500
757
23
443
946
72
323
835
131
866
422
580
447
981
670
937
979
22
215
956
777
21
873
980
733
440
69
766
882
757
561
866
621
351
171
608
671
651
307
771
665
388
667
588
707
771
579
961
805
67
608
672
986
972
965
151
578
374
45
446
359
720
391
39
730
898
395
892
894
544
997
714
790
680
272
109
563
438
172
997
800
469
34
815
329
345
535
494
921
66
744
419
116
452
862
139
124
237
674
720
464
95
714
363
913
942
755
472
223
852
794
202
676
284
750
809
727
427
840
593
204
621
351
630
585
847
869
828
164
177
541
211
211
71
185
955
508
416
431
700
807
470
964
50
745
303
36
471
386
395
616
809
233
576
305
413
878
226
252
388
576
494
23
182
649
57
83
508
182
541
866
442
187
636
307
20
151
824
963
80
428
777
398
117
114
40
839
802
627
725
188
339
386
236
470
375
272
525
647
117
839
492
189
881
683
350
854
977
566
877
92
844
955
989
435
965
549
560
672
525
609
367
333
279
520
187
722
696
26
67
598
423
216
718
15
753
600
427
46
791
334
999
542
132
521
31
614
418
844
183
853
469
350
66
678
890
900
634
108
977
837
627
224
144
415
171
984
98
920
573
962
881
327
462
690
239
124
559
464
851
134
996
382
682
59
316
624
860
885
67
52
744
315
268
524
778
605
235
298
277
845
842
859
740
18
274
167
157
518
580
152
648
618
752
354
444
697
734
746
955
827
12
697
687
51
943
139
365
554
101
410
417
557
179
329
178
477
178
166
575
366
687
255
274
866
11
585
428
902
592
493
257
214
966
980
957
84
188
812
792
327
395
499
270
922
647
443
10
841
191
135
804
852
896
757
504
741
301
452
465
764
978
952
621
133
160
628
867
672
195
232
491
122
547
371
285
18
896
842
900
847
530
777
388
304
39
513
658
475
350
819
387
890
867
156
984
202
100
858
888
286
740
726
902
973
422
482
605
911
228
645
825
829
448
589
31
570
604
556
600
900
461
109
114
263
125
241
592
940
256
910
956
846
487
495
314
438
156
921
766
880
533
541
768
653
404
858
366
410
662
557
275
376
139
235
103
925
198
750
472
396
837
351
167
488
451
683
558
751
388
496
768
117
353
161
561
854
125
361
720
568
942
61
402
399
88
901
130
59
423
636
957
984
323
701
546
564
769
537
546
671
960
38
540
798
817
546
813
727
306
665
814
772
524
323
550
298
820
602
737
65
255
258
465
953
394
809
44
643
465
481
198
789
750
404
169
850
404
608
443
706
148
363
599
430
72
168
293
463
583
322
94
327
736
849
955
383
770
11
310
971
147
812
515
67
839
241
672
115
20
666
219
518
355
302
651
398
906
132
521
887
56
838
832
677
560
816
395
187
370
434
918
317
310
770
41
528
347
222
528
649
151
913
381
27
367
123
10
285
697
854
202
627
496
950
976
163
777
672
138
875
387
463
374
594
572
931
398
796
594
507
377
490
406
252
786
625
824
258
645
377
7
918
614
873
823
481
780
49
553
873
7
25
749
41
574
464
667
581
988
327
635
815
251
127
745
692
833
72
941
90
219
947
978
781
279
347
765
512
126
815
176
514
978
579
352
601
644
41
916
883
290
409
335
354
415
496
248
880
467
728
600
868
20
948
875
771
101
135
482
914
126
854
288
331
732
779
596
599
642
651
527
99
560
930
222
430
60
517
418
873
175
249
951
791
569
83
617
927
222
927
942
584
515
76
647
469
564
463
920
282
248
840
363
742
135
74
96
760
770
559
41
902
293
427
651
388
545
967
710
394
404
706
776
442
261
843
903
944
314
841
430
923
372
598
570
123
126
394
29
930
594
204
323
304
165
582
91
906
556
970
776
956
646
823
193
663
492
193
54
179
367
648
268
49
856
135
250
498
726
40
525
12
507
486
825
359
216
171
633
922
138
907
328
572
565
696
65
448
729
920
221
775
418
524
83
212
932
106
324
533
437
229
895
102
109
419
226
218
413
944
675
732
524
42
694
610
784
340
72
556
259
262
643
972
707
637
954
526
294
919
832
761
309
242
652
319
537
701
560
906
268
791
50
191
106
854
394
543
7
603
93
236
458
141
146
113
554
523
3
821
336
126
934
129
398
261
44
39
246
779
513
158
142
126
398
180
970
577
996
19
483
165
514
759
166
460
744
254
824
14
852
489
305
335
909
987
910
464
359
967
924
780
591
815
170
735
23
834
134
586
723
325
770
74
221
190
688
106
734
324
156
614
327
179
450
762
927
327
759
697
317
759
956
50
184
124
264
0
572
314
773
242
153
694
974
138
71
616
952
649
604
355
39
51
522
563
177
143
738
550
241
106
677
398
885
148
341
974
185
603
823
803
759
655
748
157
511
838
192
614
348
640
890
626
967
725
269
104
824
662
215
928
658
434
400
125
415
850
157
429
236
359
894
278
125
850
324
763
108
180
912
320
198
311
319
450
54
333
370
523
887
719
118
908
628
721
486
435
714
612
154
656
265
612
570
970
134
835
51
592
269
773
366
893
981
110
669
387
652
169
663
331
93
931
326
579
846
143
135
385
111
642
434
536
432
74
443
136
443
299
984
739
346
594
355
749
642
237
138
332
960
362
190
529
26
360
537
668
17
939
819
519
861
364
222
284
210
56
536
824
98
448
298
332
468
913
487
330
747
572
743
357
722
873
493
908
502
519
405
312
460
951
745
172
917
347
630
525
614
936
147
569
917
635
754
749
74
604
570
97
98
444
156
175
994
492
388
53
266
673
99
55
735
315
323
936
389
445
122
594
973
922
74
468
804
733
536
931
148
369
916
541
655
163
632
906
840
613
125
803
221
996
979
312
18
69
535
964
319
427
281
628
390
820
318
872
661
293
644
305
987
746
340
708
305
490
853
309
709
227
991
24
199
418
988
675
726
14
30
664
211
46
813
242
817
271
687
390
554
314
733
860
966
638
396
598
864
402
545
785
289
853
241
833
497
314
960
609
890
86
728
931
728
500
540
925
750
747
189
190
939
550
277
535
469
476
370
308
844
857
93
141
346
149
404
680
33
740
77
754
551
53
52
222
926
974
871
269
462
321
799
695
502
664
170
904
960
598
55
654
686
961
233
826
194
602
976
965
730
271
876
621
595
748
163
17
861
333
869
345
72
127
767
585
93
304
893
951
216
867
443
243
220
104
357
463
224
532
957
183
361
397
317
131
920
601
958
819
213
424
488
330
708
902
611
869
719
869
46
534
324
515
101
708
745
360
904
549
605
323
546
783
936
357
640
612
502
878
299
388
359
542
958
271
579
215
52
739
853
137
116
682
613
838
263
704
482
480
740
988
816
959
753
773
622
535
44
799
395
441
90
277
139
201
473
161
972
232
545
250
126
171
177
301
562
500
431
680
585
736
79
323
649
792
552
952
748
603
10
532
897
220
205
526
247
360
807
631
415
419
820
947
98
179
187
239
123
229
846
339
133
311
258
507
440
934
888
608
641
913
979
596
919
974
250
502
613
963
321
186
53
375
339
861
25
658
227
680
96
586
252
874
135
375
196
131
606
938
208
590
717
497
669
647
150
598
107
62
860
170
30
274
573
996
536
353
556
14
497
751
594
961
896
805
758
311
471
196
338
578
466
466
624
140
224
748
589
750
854
85
237
53
72
678
671
545
113
39
570
104
780
452
504
115
460
907
402
183
777
341
140
303
116
363
939
840
374
372
780
757
76
244
223
204
165
894
891
584
510
790
339
768
518
728
258
873
198
981
91
807
396
847
829
858
816
202
165
510
965
630
580
939
628
466
922
127
918
524
90
808
905
270
64
831
501
91
905
121
31
850
546
680
262
938
764
585
260
391
966
583
270
507
387
520
568
936
438
78
827
341
131
209
441
168
176
259
642
300
732
117
687
595
950
280
127
173
385
894
345
361
703
401
841
930
452
788
990
166
268
761
972
764
263
147
301
660
195
310
973
916
107
715
94
87
112
536
169
288
141
559
470
336
431
294
654
700
28
631
191
155
299
329
320
79
437
279
638
17
178
150
110
210
711
301
915
455
70
824
146
196
327
190
309
565
830
573
37
25
685
233
203
928
419
380
425
518
221
627
340
696
268
165
860
863
535
394
856
387
490
505
708
145
783
922
500
552
581
693
669
752
302
683
866
764
909
36
493
186
263
48
798
17
73
722
313
122
579
345
819
58
36
385
317
862
894
331
652
592
755
400
888
138
71
59
683
272
976
791
85
827
684
462
142
251
666
637
211
484
460
572
213
668
994
490
630
876
587
216
413
238
584
349
612
78
497
882
200
11
756
199
112
360
987
158
2
462
510
405
955
781
801
322
182
978
350
59
118
963
638
819
399
833
532
412
882
109
91
665
695
638
850
186
912
346
452
486
979
275
229
44
761
252
74
211
141
468
248
547
375
466
599
371
961
210
456
445
857
710
213
590
649
529
249
202
99
216
368
632
177
34
679
249
196
313
991
151
940
946
62
324
647
673
799
8
725
528
139
984
587
930
768
603
118
619
873
374
715
579
174
378
436
642
109
164
22
486
881
958
1
938
562
45
999
281
181
930
745
436
62
549
470
297
739
782
53
565
107
278
686
450
782
110
636
28
462
149
277
464
615
440
413
303
675
510
383
322
466
402
886
606
400
876
491
442
350
505
216
118
726
10
989
950
185
507
320
607
611
549
194
354
842
310
536
615
562
270
407
307
149
822
212
733
953
381
826
405
442
283
101
751
970
577
255
143
686
616
73
356
355
154
821
130
520
342
1
10
774
559
959
85
574
119
58
306
753
232
931
868
862
692
173
959
471
437
6
196
901
319
983
507
422
973
94
944
459
145
874
649
559
128
886
680
629
590
730
300
761
509
454
684
74
604
400
567
94
798
344
989
223
559
338
83
700
694
300
589
707
928
257
180
325
106
85
986
747
361
34
20
560
813
858
816
550
27
486
350
558
314
262
508
890
880
930
828
310
526
384
961
158
729
991
810
945
139
876
614
903
161
515
721
734
886
264
166
307
801
638
645
352
858
336
606
385
426
822
351
995
51
875
435
254
422
884
4
682
324
627
738
153
783
221
756
492
994
144
510
440
830
801
812
50
214
798
622
569
173
47
444
963
911
418
956
747
941
248
250
265
973
898
247
866
850
935
965
273
79
554
33
358
386
656
234
230
222
231
458
548
393
142
226
583
656
16
947
163
592
898
594
812
79
64
132
185
585
411
443
909
303
974
559
244
269
385
320
628
331
341
194
505
495
608
74
686
288
92
401
112
510
156
39
909
384
390
562
798
814
439
78
161
273
699
319
130
415
676
965
138
507
182
87
936
949
456
620
728
22
117
253
513
662
772
911
68
314
492
344
9
424
12
552
252
348
450
418
56
592
651
162
354
936
699
265
882
828
965
823
398
593
220
80
63
850
307
795
191
275
642
927
595
367
394
30
30
570
996
671
143
633
4
86
796
480
956
495
926
268
846
595
774
347
649
98
537
937
520
298
648
893
928
934
715
731
817
475
576
426
526
463
54
736
864
778
678
989
832
722
500
238
620
177
635
683
4
698
23
923
445
53
735
702
325
94
538
668
16
636
896
388
587
889
765
631
863
230
610
758
169
761
277
840
7
65
450
913
5
145
618
872
80
715
906
760
931
79
543
162
465
524
625
912
74
150
797
716
905
993
896
298
317
837
776
708
231
10
85
565
259
342
264
144
931
733
83
34
728
664
522
797
906
633
392
830
770
621
749
153
94
875
302
571
589
813
829
73
251
557
867
383
191
370
683
3
4
274
577
244
517
570
579
453
516
788
223
798
44
88
997
469
805
478
222
288
345
498
45
534
533
41
53
327
881
948
443
242
276
603
397
558
753
388
827
146
279
300
301
80
920
436
998
255
151
655
511
73
368
36
111
989
275
519
289
806
297
669
887
787
226
936
246
592
782
119
761
188
378
41
42
229
774
499
983
241
981
57
954
766
492
746
723
701
414
375
689
442
223
68
135
863
840
584
220
946
994
634
350
28
503
373
255
475
333
981
264
450
108
818
493
959
507
588
962
230
390
248
293
76
98
555
923
295
300
43
879
132
207
750
176
640
844
445
443
731
215
993
929
738
159
402
771
924
486
468
378
272
378
266
67
533
948
175
228
505
831
443
944
182
819
386
369
370
794
436
39
430
922
56
683
561
189
762
353
150
157
855
374
819
60
887
142
779
451
154
409
983
393
326
62
576
886
640
65
392
785
8
633
682
7
794
933
207
525
106
505
571
600
936
659
463
314
52
339
304
872
588
530
47
914
332
346
706
50
13
14
484
985
153
515
817
446
310
8
564
464
201
882
340
318
765
491
396
829
500
411
810
362
212
808
619
57
358
298
253
837
115
746
949
297
120
669
841
566
508
939
584
574
72
836
361
329
806
901
106
725
988
807
147
195
475
698
218
527
787
352
39
361
266
332
762
826
645
469
284
817
774
374
52
391
534
416
451
375
164
537
218
394
767
135
450
457
393
736
195
229
100
404
642
388
353
693
429
252
23
757
353
997
593
737
118
722
124
597
640
249
583
288
418
963
411
161
766
430
925
770
432
569
729
508
316
271
745
220
285
151
575
300
936
563
632
533
767
577
241
747
946
863
750
889
459
66
984
887
129
975
671
425
480
459
665
114
71
17
146
225
802
443
644
259
208
787
656
809
512
234
470
699
832
784
458
852
694
69
575
936
18
311
872
404
187
781
925
670
826
220
203
957
980
944
63
257
723
829
148
157
535
942
955
212
209
398
138
538
609
309
64
397
129
541
944
724
465
917
780
14
252
358
668
814
187
277
224
78
552
504
690
714
782
989
631
974
743
511
399
546
686
161
818
53
374
888
406
408
594
757
527
916
471
496
6
670
623
35
774
738
215
910
274
463
332
94
690
834
241
516
256
92
307
435
534
312
881
162
955
96
686
155
22
839
50
122
249
781
320
314
153
342
913
869
533
396
328
787
582
102
31
157
830
169
690
977
395
814
226
825
694
204
918
239
71
640
773
772
140
410
910
178
58
761
596
718
507
586
516
258
544
485
889
833
953
312
114
373
842
592
434
693
600
925
832
107
349
406
640
174
528
133
322
194
209
492
665
217
411
183
703
740
611
148
39
530
792
905
691
941
643
141
511
704
825
298
269
357
478
385
635
335
973
70
618
436
349
725
200
13
798
814
297
969
301
653
921
118
691
573
133
969
285
117
682
145
392
907
974
327
875
217
654
224
601
422
928
710
15
582
802
36
163
252
538
648
158
791
191
822
404
786
984
19
817
337
852
191
501
881
681
87
747
775
577
625
255
164
210
561
998
879
981
940
411
515
266
987
287
746
953
754
552
99
388
617
774
848
675
139
458
659
800
982
559
90
268
674
877
352
490
37
347
590
235
662
782
698
153
392
48
631
527
378
938
533
321
101
20
323
489
869
276
993
265
555
798
123
272
395
588
355
694
154
438
389
506
794
763
210
167
848
56
485
218
277
0
498
55
933
373
664
844
149
310
180
382
624
745
528
347
467
915
548
512
431
598
108
724
47
874
465
180
3
951
813
8
389
818
177
998
690
975
401
510
402
85
291
286
739
168
587
470
851
491
155
535
661
252
505
727
487
884
265
592
545
935
509
99
304
881
298
854
843
226
293
470
334
308
782
177
957
394
580
602
467
123
944
114
837
543
806
877
296
897
882
172
130
694
935
673
199
549
902
232
674
783
725
155
607
17
582
854
766
7
945
845
283
796
460
739
452
407
626
213
779
960
435
750
149
708
75
596
602
125
108
730
661
629
80
215
934
964
465
719
998
617
516
361
923
597
631
497
509
38
46
991
360
226
124
527
35
714
911
714
464
786
277
854
557
470
134
281
915
774
754
235
381
853
589
917
594
23
319
772
511
954
769
683
583
22
389
0
884
239
53
325
323
347
151
170
82
31
56
897
805
943
78
698
682
374
386
336
930
978
310
316
393
627
499
441
343
317
519
31
600
69
572
940
65
33
716
80
228
602
244
359
910
910
615
540
174
857
829
588
841
773
627
177
900
626
333
169
425
719
344
318
55
9
701
519
467
243
803
814
419
959
797
411
956
220
852
722
329
9
693
624
200
593
606
771
744
703
525
987
966
11
779
852
624
429
599
5
657
714
789
974
422
438
664
245
256
361
589
802
659
788
291
380
694
29
896
347
141
473
565
159
220
618
973
529
652
417
122
560
418
894
825
455
134
93
31
38
242
691
403
941
108
482
790
704
133
850
688
751
507
505
333
5
795
67
696
772
987
621
55
23
584
102
911
521
27
311
777
180
1
213
949
131
427
565
286
196
443
695
23
128
297
462
868
222
725
599
259
375
213
711
108
451
177
530
824
731
773
730
406
976
439
101
428
429
570
138
107
904
442
77
179
223
936
193
210
256
320
557
751
193
954
850
387
882
806
316
651
15
548
479
887
251
346
172
350
25
991
723
206
324
760
219
286
914
352
409
23
772
854
462
339
450
497
756
996
37
431
465
792
132
31
781
115
507
403
345
309
641
883
704
766
168
453
450
784
75
209
543
900
651
645
473
735
666
940
637
662
388
132
164
191
443
639
44
682
698
106
20
369
131
941
417
596
901
931
738
351
16
907
282
896
684
133
391
731
961
809
799
809
87
644
931
105
602
988
542
805
526
375
935
744
881
367
757
966
361
952
994
821
43
349
412
227
414
952
424
128
824
441
959
789
503
521
766
333
866
270
497
699
377
713
0
660
178
559
412
846
446
398
3
729
595
177
666
270
603
244
651
805
37
371
704
419
218
737
238
987
859
341
693
436
617
746
231
116
606
422
791
596
194
499
420
764
712
533
342
631
458
579
865
723
985
641
103
370
34
549
395
492
269
329
939
857
528
984
125
497
580
900
630
502
631
912
614
317
730
298
992
545
402
179
425
848
116
257
255
314
429
941
620
583
81
633
299
889
909
756
514
890
350
137
384
86
995
108
289
932
584
551
959
705
309
781
404
230
15
269
278
84
637
176
474
5
949
86
92
460
240
582
405
535
299
13
838
723
744
449
324
162
580
182
844
969
498
848
977
229
328
923
548
903
569
176
156
116
291
328
734
890
217
29
910
680
339
911
495
790
245
877
239
333
781
813
271
888
809
126
265
211
1
739
770
227
888
211
507
286
889
663
595
196
752
323
855
118
750
720
956
286
153
761
731
624
692
733
423
943
226
781
492
930
113
975
600
904
172
674
542
963
593
970
832
553
437
806
165
952
877
64
236
675
270
285
368
520
39
574
204
773
253
334
57
378
807
85
21
247
212
845
150
905
386
331
400
834
152
407
947
599
662
535
752
350
147
521
357
519
991
400
311
482
539
657
232
625
829
335
274
959
320
355
627
882
548
792
505
605
153
710
175
554
882
997
568
862
784
429
315
964
708
547
232
566
250
742
3
57
986
187
622
209
184
190
676
509
190
442
379
828
681
883
233
553
913
49
379
691
397
552
33
975
23
550
710
986
3
469
151
65
454
610
818
324
12
220
873
715
26
337
47
159
726
981
682
716
196
797
834
781
882
555
176
985
294
218
514
93
94
69
943
658
705
75
710
560
228
670
972
203
367
268
21
949
961
181
186
404
769
543
140
237
655
990
280
505
483
631
204
703
572
895
513
619
347
256
633
869
401
652
594
221
821
533
372
710
507
12
584
56
506
864
762
322
277
761
592
823
148
301
827
561
163
419
869
44
748
631
643
596
385
862
310
865
364
930
429
882
698
887
357
424
109
839
419
996
826
660
465
540
915
12
223
802
813
465
964
573
948
113
661
84
949
651
790
8
36
228
543
370
856
41
624
37
884
518
160
916
63
294
890
799
6
283
25
26
449
745
390
391
515
886
95
534
613
725
114
601
14
699
91
933
516
897
682
269
430
683
520
129
197
696
804
592
479
908
121
530
678
554
74
529
385
870
840
608
42
138
771
837
232
351
472
99
125
694
698
275
251
159
292
916
186
250
246
384
989
109
422
233
94
381
192
27
791
488
353
668
954
835
121
58
531
695
111
20
117
561
249
748
610
970
60
947
672
924
433
790
488
151
97
287
736
227
258
6
99
134
882
698
679
112
235
314
280
212
456
545
675
210
551
234
677
876
967
824
509
110
452
666
64
801
105
236
860
49
422
897
742
702
394
680
600
384
522
805
981
423
978
449
895
777
995
284
915
909
110
74
771
247
336
948
869
261
967
321
938
626
780
141
217
593
417
224
476
189
797
201
204
278
173
669
89
982
78
531
620
836
912
690
745
969
453
349
119
769
386
245
658
853
533
560
155
175
504
401
357
949
53
24
347
1
795
372
785
128
239
150
456
626
54
55
399
722
882
428
166
302
931
569
620
513
56
220
715
87
463
444
434
673
153
338
644
90
153
350
263
712
791
629
384
823
240
17
452
843
808
522
890
804
122
84
712
743
134
728
427
171
125
512
651
489
370
517
694
471
50
91
179
46
685
0
730
867
197
817
74
251
822
277
307
259
574
510
734
799
655
77
650
73
115
229
400
180
384
483
392
345
76
548
245
330
50
376
655
774
141
390
880
60
925
655
730
83
856
959
934
57
682
730
343
106
312
75
289
580
746
467
468
184
847
296
550
348
885
412
151
991
153
600
702
892
756
160
837
963
95
544
313
780
456
999
532
390
389
67
142
711
952
246
553
124
4
144
700
539
367
540
507
239
729
775
356
101
364
838
373
860
212
464
317
282
552
509
72
245
274
540
231
414
836
675
39
645
675
290
984
697
312
273
681
743
228
100
571
317
436
51
683
167
846
687
611
833
259
890
187
494
918
599
276
417
939
386
918
122
83
864
675
732
639
434
395
156
963
758
593
596
69
7
941
313
198
38
772
754
969
857
165
234
297
971
749
568
680
323
318
741
405
226
491
677
749
623
967
713
573
325
583
812
231
152
157
701
492
340
662
21
481
967
358
226
180
80
803
66
577
511
895
652
376
590
834
915
377
289
855
77
955
842
917
491
833
16
170
234
207
273
291
426
771
22
487
571
591
278
804
1
630
981
905
744
989
638
391
952
668
655
274
415
493
204
492
283
124
207
419
551
383
750
418
952
920
133
870
40
577
614
338
43
944
614
973
640
795
513
993
178
941
721
344
168
130
75
578
186
831
339
178
797
782
610
250
400
184
28
124
672
211
63
435
521
495
832
17
6
67
752
690
339
621
872
712
208
602
512
969
553
251
878
782
316
721
85
981
458
458
908
466
10
589
993
881
115
970
837
558
168
637
50
281
297
844
962
932
983
367
730
135
391
624
63
935
492
779
640
946
398
815
356
942
567
829
237
602
856
162
909
717
31
592
567
478
36
81
466
547
836
206
641
766
526
829
447
405
212
321
361
769
148
431
428
969
359
78
554
280
898
270
638
676
699
581
392
745
894
981
861
541
689
626
622
301
204
386
125
328
29
974
803
986
987
889
797
260
138
270
632
578
47
903
394
221
476
203
539
994
93
831
709
658
660
456
904
324
258
224
41
368
72
384
443
117
85
949
678
358
392
830
319
304
696
308
393
967
9
923
419
585
211
96
881
11
374
251
719
939
872
679
147
325
435
760
691
130
424
12
831
710
648
973
928
553
821
374
625
129
844
388
437
94
942
343
793
542
423
121
924
161
886
958
708
64
414
261
882
977
645
350
561
758
867
940
162
335
357
165
860
453
563
575
627
313
102
317
406
260
439
202
605
992
492
678
299
47
347
143
512
523
508
642
251
77
513
994
190
105
754
848
249
354
487
715
948
251
397
170
991
310
485
120
13
647
1
862
576
803
304
384
542
918
356
513
829
611
322
656
571
840
650
535
417
776
440
833
592
130
346
925
133
130
666
824
553
559
310
175
204
229
327
517
91
691
959
154
767
296
998
773
97
658
38
444
835
263
446
209
144
87
892
782
958
993
590
988
563
838
739
457
694
515
958
337
208
891
899
238
618
508
980
378
952
200
494
500
287
959
800
378
347
779
796
46
676
540
529
844
842
349
424
883
566
223
14
426
867
244
649
772
709
151
982
367
481
18
250
970
565
304
71
205
409
308
474
965
503
706
331
880
350
636
157
574
189
743
510
88
510
464
801
941
681
193
682
587
27
648
121
60
78
874
259
505
467
460
462
426
501
562
812
607
744
460
313
825
474
301
968
956
201
709
530
569
253
274
265
215
790
611
581
314
9
309
636
191
816
769
111
190
280
710
987
561
303
795
157
500
109
184
410
686
466
357
438
655
921
258
883
914
435
337
684
757
319
314
210
894
448
221
199
193
991
885
913
71
75
603
73
177
631
280
829
421
763
463
939
304
493
450
959
141
553
12
375
749
814
727
260
39
516
479
84
10
99
887
382
953
197
754
565
70
583
612
257
98
475
371
338
795
322
680
655
607
664
498
950
825
848
917
500
74
403
959
15
857
611
347
922
582
804
106
721
267
125
198
158
676
915
33
595
817
607
382
865
817
985
877
824
162
317
389
448
470
581
757
592
127
847
731
796
591
192
497
284
33
657
957
35
908
554
456
950
161
788
50
222
531
123
980
535
343
427
709
825
956
58
721
534
316
439
102
6
867
50
449
584
272
660
873
594
266
328
794
834
564
922
550
629
68
382
550
505
593
932
279
855
587
931
611
683
863
332
357
822
859
297
697
603
759
693
530
577
549
333
182
497
402
72
576
424
701
531
317
975
775
664
561
729
372
295
939
997
81
245
990
717
502
13
961
142
214
861
577
697
813
362
741
377
922
150
658
750
565
961
688
609
930
229
925
449
646
103
897
557
153
211
562
435
293
207
641
193
999
274
492
634
371
366
269
427
317
309
387
950
981
528
591
654
970
549
266
677
466
74
893
795
744
341
697
223
216
45
121
27
576
895
892
107
327
458
551
558
114
84
954
873
132
16
866
480
446
623
848
886
983
784
319
262
86
291
924
531
814
930
465
341
585
993
922
38
808
748
283
500
554
19
921
639
387
370
569
573
854
228
463
980
302
273
248
400
354
493
297
77
120
115
489
952
611
618
324
617
967
206
450
99
748
202
375
799
441
229
740
542
796
683
575
902
855
510
502
999
596
228
473
86
189
626
457
490
805
665
211
5
211
264
410
861
681
570
540
947
15
162
868
883
277
156
408
334
793
390
51
204
270
783
709
214
638
574
313
779
264
502
992
634
741
280
581
104
512
298
704
641
85
431
655
908
484
591
90
154
597
969
917
47
5
294
324
693
338
71
753
925
492
418
674
903
13
312
753
804
578
715
220
714
882
694
486
584
471
477
509
51
234
0
734
448
772
442
5
954
650
622
922
223
864
636
864
718
274
808
704
523
551
851
574
198
967
303
265
233
934
381
457
377
697
930
420
375
249
681
506
631
261
194
642
320
397
532
236
949
797
910
961
475
46
357
551
397
619
305
41
829
978
184
790
60
537
367
809
755
220
318
642
930
116
379
259
681
50
722
829
741
341
692
731
462
320
654
303
351
911
908
148
397
651
772
661
459
27
847
484
29
646
662
365
492
647
770
27
194
656
903
211
742
762
689
904
402
500
480
279
835
706
248
532
617
800
884
124
207
767
835
477
365
126
643
690
229
381
814
188
98
919
82
86
32
102
294
887
872
659
650
525
362
357
925
960
56
522
797
764
904
76
259
500
443
902
428
931
20
31
191
196
987
718
812
990
498
727
666
0
495
740
756
459
716
776
932
575
100
16
569
534
422
835
669
249
902
387
266
303
19
636
510
421
339
109
956
291
462
797
821
83
89
328
703
791
649
130
189
43
555
355
871
217
601
179
83
404
432
335
484
319
576
29
770
518
755
485
922
653
818
425
8
352
284
415
170
603
648
843
78
171
278
554
383
428
17
37
444
557
375
978
186
89
852
762
435
287
651
950
662
644
359
819
97
311
601
400
453
269
707
901
377
55
85
270
329
617
285
592
856
820
660
652
20
790
671
714
130
280
635
943
977
128
685
906
194
144
912
323
856
535
320
773
325
935
303
799
782
831
454
53
656
449
639
564
483
966
896
717
941
265
131
849
674
33
595
175
563
483
977
865
764
208
720
726
323
803
222
308
590
414
844
651
35
220
480
634
78
226
129
700
583
154
450
459
642
192
931
137
395
177
676
114
337
232
339
46
930
867
944
909
911
613
279
412
186
590
470
655
389
8
472
79
997
915
257
902
79
195
499
793
810
824
704
798
813
311
417
45
170
247
926
355
219
438
551
613
155
229
786
523
545
353
230
61
521
660
104
250
963
540
308
934
624
938
950
587
978
285
393
60
995
583
816
270
761
800
187
792
992
259
957
845
753
134
979
343
186
485
895
750
582
481
942
145
46
13
118
724
927
826
213
451
286
427
774
686
634
907
757
813
369
550
396
102
997
822
567
180
720
703
886
218
302
948
648
265
747
995
32
391
300
670
323
65
314
316
687
810
708
800
259
259
956
888
874
181
574
952
505
317
12
304
756
952
269
396
484
392
95
274
172
949
50
689
140
79
815
768
725
954
401
885
733
507
515
807
510
843
91
894
115
826
109
33
2
581
706
112
936
947
315
764
833
93
440
747
583
924
222
217
710
607
209
867
189
725
38
525
79
23
932
615
451
498
523
315
472
452
382
522
765
308
397
520
968
463
511
917
78
521
590
845
819
665
939
586
370
800
211
473
942
298
98
915
538
685
463
324
438
475
840
345
3
179
960
349
882
341
149
493
15
885
975
518
116
895
175
411
291
716
884
67
579
884
827
962
136
229
992
150
524
42
704
133
346
519
313
741
228
876
20
677
291
217
58
82
784
241
581
76
169
178
64
403
358
404
442
683
276
759
174
96
169
882
678
38
833
545
698
935
321
167
564
963
306
581
982
835
593
521
830
919
492
682
456
329
231
890
340
913
727
702
466
217
239
899
243
812
634
33
282
851
288
412
603
753
196
224
283
288
197
189
977
338
484
979
459
837
805
16
931
545
226
736
787
19
716
404
422
503
259
246
162
857
912
987
203
669
833
258
962
401
373
645
550
567
872
382
865
207
41
324
470
308
11
797
449
917
633
349
320
63
421
8
128
73
98
909
508
545
56
981
946
885
249
162
693
205
354
458
698
863
19
302
221
762
595
614
460
847
982
560
584
436
800
864
135
68
102
602
436
204
515
782
555
366
840
652
559
379
128
32
375
749
403
543
297
67
457
939
525
425
802
34
406
239
347
686
60
320
532
361
757
606
520
544
341
451
516
434
916
355
131
720
471
721
513
814
585
448
47
315
739
483
790
182
290
614
752
601
249
366
883
659
782
774
191
169
17
965
763
236
2
460
571
393
794
388
20
60
54
263
83
6
663
837
227
50
821
843
205
994
669
351
773
607
600
334
850
353
686
410
958
659
443
390
855
483
313
268
486
793
214
402
22
606
16
215
47
558
590
732
867
273
520
473
936
958
378
741
320
281
453
811
293
711
102
369
897
911
155
634
53
4
355
351
824
960
446
865
770
803
37
459
170
405
395
309
693
872
828
283
696
465
44
336
384
344
460
757
879
389
912
975
522
22
381
200
417
407
65
948
38
521
379
566
746
846
581
188
252
916
206
313
507
136
885
905
430
76
3
978
418
116
801
458
740
886
434
867
232
377
610
606
146
87
143
359
266
845
62
421
477
762
385
317
321
318
96
887
521
142
534
57
706
389
37
698
517
973
508
874
439
254
48
433
205
54
169
813
603
138
215
999
279
795
940
848
442
829
187
96
327
644
930
312
599
688
228
601
939
602
370
36
476
751
507
771
216
613
609
895
901
556
647
364
995
503
600
522
141
739
904
870
409
327
81
968
224
356
143
678
288
198
637
537
752
300
276
110
67
61
624
247
40
116
822
939
777
549
563
324
964
376
615
919
215
878
490
778
983
921
781
497
426
129
164
393
642
892
338
456
229
406
758
804
636
929
204
132
433
702
415
532
421
397
150
245
776
553
669
92
706
776
766
769
801
634
423
452
796
312
373
731
64
759
25
566
41
596
650
495
891
674
980
564
529
409
271
223
14
858
443
864
266
497
186
192
287
130
662
162
364
63
454
606
282
408
291
437
110
740
711
100
662
816
160
130
40
118
666
284
199
95
715
876
502
987
826
445
338
136
674
499
468
442
884
200
484
514
499
81
436
778
100
699
916
120
173
312
209
177
181
6
724
48
165
978
528
943
93
353
300
349
330
879
730
304
591
83
622
413
833
531
115
382
224
796
635
219
778
485
30
572
130
948
101
838
786
153
654
12
628
794
99
104
47
942
510
994
967
806
0
80
326
185
979
247
187
39
228
921
48
160
229
775
216
886
729
296
880
912
698
939
462
793
320
914
783
232
138
880
565
601
810
364
321
972
60
862
717
596
687
137
598
379
39
585
608
44
594
824
66
137
746
188
323
822
130
394
581
126
749
121
400
684
131
56
171
956
733
202
543
316
891
956
356
317
428
987
864
862
566
531
733
539
854
14
403
642
587
338
254
830
910
366
113
719
628
53
842
730
503
804
16
29
306
641
563
982
100
829
779
996
102
171
355
894
816
233
751
387
633
175
932
850
462
590
343
354
85
195
312
788
682
227
952
480
282
561
234
910
494
678
534
319
82
136
179
114
695
382
646
946
261
747
822
56
981
722
354
686
406
425
869
924
318
752
328
702
60
723
233
541
323
894
475
613
970
690
70
407
754
789
296
192
887
534
908
690
11
553
338
257
383
863
879
528
195
755
47
869
464
848
432
379
35
95
177
719
581
39
130
813
762
805
70
907
47
655
254
518
367
60
952
828
391
39
488
290
64
99
477
143
669
760
552
760
510
686
376
85
621
498
546
972
527
807
31
861
860
407
933
446
602
546
779
376
695
814
151
801
718
136
611
667
45
154
856
853
972
102
969
448
680
321
43
125
288
963
403
37
104
190
865
905
773
341
563
859
679
535
405
949
918
316
904
496
238
439
616
656
309
28
547
222
167
637
431
574
791
928
875
867
369
115
512
463
901
490
209
151
79
648
793
686
389
572
508
440
89
126
489
770
680
715
630
505
146
213
61
224
50
150
757
766
904
862
652
520
749
139
852
874
751
9
707
867
134
99
968
754
486
136
370
628
982
129
435
680
32
225
829
44
50
102
364
64
309
592
836
772
348
152
788
334
438
347
316
110
888
879
522
910
973
796
235
492
847
798
801
274
363
27
176
600
511
48
629
376
71
569
465
283
465
184
706
818
470
102
98
167
890
920
341
828
981
307
605
228
411
275
336
801
793
73
621
62
425
971
186
694
264
696
946
717
837
684
525
830
829
817
616
620
349
255
286
644
760
581
79
762
546
600
737
988
99
995
228
661
752
184
594
298
614
286
535
802
472
588
325
553
316
908
435
350
209
940
383
710
444
329
801
856
627
140
698
243
409
66
142
996
187
254
878
613
666
826
496
98
114
391
114
157
155
505
973
373
222
54
583
826
58
511
692
637
767
752
310
494
738
197
746
429
931
6
916
813
388
677
710
997
475
309
61
25
153
837
189
769
36
933
534
777
977
657
519
297
46
83
586
581
456
478
808
759
688
56
358
523
331
839
296
260
770
887
797
989
239
547
51
683
106
939
45
793
699
4
58
860
816
270
8
328
817
98
336
314
898
275
708
583
169
719
222
173
489
925
883
97
694
681
912
393
625
757
619
323
302
899
934
717
397
241
447
7
894
195
187
486
969
95
700
50
692
901
233
698
550
478
270
846
220
695
363
245
753
30
689
496
292
860
313
790
148
483
471
338
183
9
992
35
580
206
696
426
45
75
920
553
450
163
142
714
569
150
844
877
154
956
845
958
987
47
909
135
863
972
577
793
532
492
464
89
380
781
56
433
796
334
115
828
348
83
307
630
151
550
804
67
228
759
913
503
131
493
978
638
372
941
188
525
372
930
322
536
