289
559
762
5
793
721
35
673
678
367
38
970
493
270
306
421
646
152
804
441
286
174
855
484
708
414
425
900
561
22
670
400
195
297
728
760
844
609
367
610
606
703
534
863
474
863
654
613
282
943
967
766
131
169
420
993
174
974
798
504
769
406
84
305
490
14
98
833
36
321
415
990
573
266
691
579
327
984
769
914
278
123
937
917
1
271
97
781
580
926
53
135
325
59
757
172
302
516
638
272
882
279
260
461
219
25
30
680
708
234
810
660
747
549
250
854
817
71
159
833
164
366
558
275
909
668
656
751
494
635
350
108
246
851
292
807
456
203
302
636
552
84
321
323
72
260
835
913
619
178
117
195
976
413
911
922
784
257
293
932
435
692
857
55
112
278
450
108
932
48
419
905
525
183
318
903
607
393
547
718
566
999
331
517
262
979
338
222
640
796
493
897
229
567
248
344
815
208
515
812
262
370
222
854
801
515
666
768
206
572
938
37
476
887
706
509
310
697
294
70
747
891
927
664
484
163
770
119
581
696
513
199
335
695
246
139
213
543
540
118
462
444
488
926
443
833
689
253
842
295
628
810
498
22
507
615
775
873
135
740
984
671
315
845
775
879
187
560
249
836
661
985
703
449
838
817
524
239
808
892
848
220
651
769
173
78
226
200
184
416
447
552
721
469
105
462
942
499
669
436
981
833
523
233
529
284
91
430
591
374
368
633
826
713
67
189
867
890
155
698
61
233
275
577
376
832
308
826
932
691
13
233
65
455
240
95
740
901
744
397
636
456
752
590
6
37
45
61
870
628
142
989
959
556
578
824
117
915
731
314
344
614
466
934
580
421
164
329
407
579
987
566
539
805
888
402
589
481
911
594
516
401
347
785
934
176
12
517
231
972
959
596
284
916
437
204
191
932
261
832
339
87
710
2
763
916
248
309
278
357
923
906
798
427
707
630
777
838
162
561
663
972
350
714
54
807
797
689
682
524
741
797
80
448
961
519
429
390
617
383
283
464
265
638
828
866
541
132
554
381
75
842
942
986
114
306
999
516
810
950
493
444
428
550
910
247
714
311
241
307
90
64
314
698
584
342
302
982
874
803
295
597
423
466
714
727
234
78
662
766
204
67
112
44
152
717
381
324
643
856
791
314
76
320
52
908
152
322
571
749
113
147
1
376
343
983
747
850
775
796
629
67
100
801
450
318
595
753
244
542
580
316
791
3
758
255
913
270
473
563
573
714
674
340
480
92
130
931
163
116
808
134
450
723
81
358
772
431
677
481
293
790
51
298
536
840
400
38
817
215
444
31
362
131
53
854
740
609
544
989
504
460
253
523
878
63
891
699
694
194
700
791
518
979
514
393
748
230
42
435
419
664
656
376
419
129
59
226
756
888
970
892
363
459
343
763
473
135
971
233
952
821
210
402
416
278
584
411
961
152
573
279
417
96
629
228
504
243
507
126
546
376
23
522
220
329
317
22
531
314
152
279
170
168
598
402
986
182
342
71
831
827
656
3
401
16
580
437
800
649
61
523
860
11
247
742
211
693
31
996
780
1
266
676
323
964
265
175
966
908
259
381
672
282
267
637
308
184
348
66
845
165
930
986
651
822
811
632
288
583
813
749
755
83
2
714
509
649
226
705
594
695
271
493
147
19
927
743
738
919
541
90
293
13
633
682
910
563
113
952
290
905
376
177
193
473
510
128
174
230
273
576
312
344
706
543
503
646
235
551
330
262
855
775
921
825
234
842
599
778
715
214
178
968
207
8
102
410
641
638
423
427
206
436
598
143
125
883
645
180
799
823
462
44
987
760
857
642
574
300
180
267
873
610
264
263
571
570
226
855
632
108
944
834
210
302
668
171
711
81
61
45
76
918
708
658
256
973
116
607
876
719
855
389
2
317
516
148
346
255
277
560
421
458
544
448
244
716
940
301
113
922
663
768
832
28
685
983
983
254
68
810
68
826
790
224
446
725
718
623
422
56
470
300
871
520
920
680
276
127
868
356
138
100
410
358
846
945
745
156
575
659
431
440
230
487
961
949
13
139
309
97
231
795
294
108
543
806
353
272
891
512
878
793
58
832
688
390
971
757
208
640
208
228
350
635
683
93
10
692
904
616
83
154
52
898
438
575
155
116
9
216
216
749
896
483
537
15
695
153
145
456
665
620
682
218
785
171
58
172
615
140
14
426
182
481
941
83
859
14
126
394
176
73
155
712
586
627
168
527
288
271
311
794
677
840
494
795
816
927
68
548
194
774
399
291
639
175
34
208
488
832
29
568
264
347
693
943
118
216
774
930
675
79
494
195
309
531
835
112
410
496
968
182
897
25
348
377
374
275
475
423
524
390
138
783
32
645
357
284
859
732
35
766
184
249
260
75
591
254
522
73
889
574
790
792
381
422
4
838
122
158
257
250
366
376
652
397
359
288
219
406
984
676
631
261
30
166
27
986
363
56
137
495
459
264
950
3
501
748
743
273
508
375
916
504
687
197
931
220
246
931
200
349
102
346
867
158
478
318
683
848
131
474
354
176
913
846
801
271
923
44
102
497
45
887
298
137
663
821
32
274
813
175
459
448
861
294
743
113
520
368
499
342
669
139
845
366
931
938
614
581
741
374
311
544
827
294
261
397
438
9
938
33
67
723
772
641
109
863
953
997
892
85
755
282
26
172
440
760
312
633
901
51
324
593
765
125
606
67
276
900
892
241
329
183
834
992
691
463
197
886
123
668
290
180
811
318
450
949
365
805
978
598
487
635
544
813
549
704
720
391
360
558
176
324
46
166
360
966
313
514
519
291
36
661
993
6
804
928
461
405
75
631
199
206
507
115
241
172
681
193
391
785
535
651
411
787
855
333
942
340
45
762
129
189
941
496
403
787
948
426
779
733
419
349
368
708
641
341
991
363
568
952
429
714
676
523
221
718
455
484
836
451
376
240
892
20
940
142
270
690
774
187
931
380
708
983
997
990
418
528
409
37
619
557
296
977
196
886
966
460
235
939
578
506
800
42
103
249
676
549
3
220
815
722
878
587
646
845
717
348
373
955
544
936
96
569
577
855
825
748
742
149
517
698
360
354
432
633
868
596
874
350
58
360
225
841
85
385
633
623
50
487
586
504
716
292
265
458
671
963
66
486
916
946
780
209
261
554
621
78
489
36
728
161
82
895
163
719
53
527
534
293
562
983
753
886
981
362
14
217
636
94
271
306
289
499
201
136
178
235
569
735
8
106
893
47
309
856
870
60
953
860
836
975
782
587
579
877
667
658
926
751
414
680
569
482
237
247
882
127
663
5
19
797
735
366
649
518
89
612
129
472
528
185
724
309
286
692
311
621
533
19
513
946
766
560
631
116
800
191
90
278
620
39
259
361
951
863
973
840
895
938
36
859
185
630
845
615
538
329
46
94
380
774
751
140
108
447
977
218
58
50
318
134
841
457
658
514
207
205
536
955
783
19
463
493
141
42
471
662
889
939
887
336
976
738
241
651
440
996
136
18
59
105
920
453
701
789
591
15
257
489
938
25
0
679
899
174
44
366
338
200
277
602
554
988
129
824
813
249
417
736
483
958
122
124
247
212
465
432
50
154
123
371
172
424
76
149
71
839
582
497
879
199
524
805
239
288
543
431
694
917
49
67
634
701
768
434
43
372
749
197
267
818
566
994
229
210
729
70
788
254
178
892
917
305
807
444
287
773
33
216
33
318
926
332
589
583
789
852
213
803
825
529
91
495
82
63
725
726
496
185
936
20
458
30
972
920
190
521
745
116
545
627
448
870
65
747
357
468
713
521
892
131
13
287
377
505
671
537
204
692
801
951
413
802
852
648
493
354
88
977
45
283
597
903
946
436
66
937
490
588
803
305
376
659
824
733
62
232
68
865
675
580
420
159
195
862
225
274
623
441
39
399
628
844
910
772
0
96
648
166
386
7
61
862
353
442
588
3
393
428
747
590
537
310
784
546
568
66
713
691
898
924
697
240
13
965
708
756
241
842
885
873
223
621
757
102
512
450
287
411
626
677
682
745
423
786
911
488
366
341
187
707
318
531
839
903
32
112
950
396
461
722
503
371
720
158
132
265
629
402
722
906
633
91
818
850
588
360
935
232
733
214
25
692
44
437
825
890
758
651
870
495
684
392
815
611
445
178
930
312
14
930
117
315
295
222
371
752
752
832
113
434
355
815
337
499
699
36
206
113
414
944
130
179
327
796
21
954
975
74
863
227
69
954
511
403
571
614
292
788
795
218
820
696
466
799
972
243
532
935
816
429
464
790
203
760
501
559
440
936
197
372
146
553
193
538
602
813
966
180
503
853
526
751
554
951
377
726
746
362
254
958
909
262
917
749
761
647
711
751
978
196
847
361
268
322
643
962
436
823
294
198
962
564
984
645
161
314
945
220
282
16
273
378
94
515
163
981
979
504
691
197
425
550
902
466
685
360
673
258
414
889
917
246
62
864
297
29
379
303
337
969
870
926
389
681
99
429
301
14
771
250
339
634
694
223
953
941
821
280
701
370
592
572
507
730
235
954
362
16
62
310
33
493
604
68
331
572
4
419
40
672
319
598
711
780
817
543
600
340
372
421
767
763
609
144
46
196
648
522
930
701
882
904
521
216
549
441
58
435
776
310
638
147
8
283
325
341
946
781
524
118
537
677
446
43
995
980
64
947
671
815
753
627
705
525
138
322
737
838
922
175
737
798
662
695
726
530
95
932
585
850
948
258
718
736
634
572
860
865
632
958
710
105
208
252
210
788
763
595
240
306
436
838
93
754
224
173
633
890
396
920
125
766
408
346
353
7
227
924
973
222
903
967
142
690
134
319
964
949
588
188
562
150
575
762
637
922
213
267
88
404
765
123
775
24
985
333
83
226
282
589
686
884
572
845
847
351
763
483
888
138
350
315
14
233
243
657
49
456
132
730
724
904
665
804
935
688
838
699
588
848
782
341
6
322
647
760
209
203
560
386
22
425
96
793
341
676
505
757
128
681
493
451
910
709
256
211
821
767
903
828
211
658
639
102
527
185
144
16
811
76
379
347
61
986
419
735
327
623
120
741
28
264
889
844
979
700
627
272
769
909
660
864
642
927
693
543
727
993
464
213
279
130
7
206
519
174
989
387
492
241
8
736
555
346
687
463
310
548
24
667
770
169
206
855
231
952
713
15
671
905
14
783
435
246
921
179
26
748
488
63
556
954
554
88
566
642
103
155
710
878
394
988
633
708
876
145
835
820
931
856
847
26
979
294
144
864
531
770
871
805
675
674
510
515
533
356
109
574
594
135
794
641
606
347
822
397
87
678
350
876
201
81
791
795
926
74
702
911
172
164
694
689
159
660
851
628
185
84
47
670
999
685
379
814
694
768
153
213
797
999
103
256
77
226
231
597
895
124
444
643
108
991
719
311
19
132
811
325
142
960
366
635
166
916
17
628
153
492
794
540
816
178
696
351
342
971
942
687
542
434
444
806
532
636
58
992
719
500
590
124
501
192
704
45
488
308
532
572
639
741
800
169
192
960
231
346
637
516
357
266
532
438
508
397
563
627
478
995
196
235
892
108
285
204
286
419
667
405
716
462
737
956
349
533
819
618
13
144
832
205
260
102
376
790
413
979
250
781
564
457
536
409
460
75
911
332
456
382
258
583
864
833
726
490
967
471
139
22
386
514
193
671
323
210
130
588
207
366
335
56
20
386
534
462
936
154
257
897
678
965
818
50
10
782
278
213
71
463
136
110
430
175
680
688
570
406
859
454
674
398
724
166
206
965
363
130
534
728
365
201
303
609
221
614
456
892
298
911
660
631
872
953
656
640
180
553
376
219
242
78
333
940
16
38
66
554
977
750
439
437
739
997
269
162
418
915
939
540
81
351
624
501
421
918
154
213
45
707
774
817
735
819
977
648
972
279
663
82
871
488
802
715
42
950
398
343
369
425
234
661
851
284
969
9
239
207
442
685
251
108
380
8
106
28
830
897
815
715
183
725
853
881
49
248
330
778
867
280
883
985
87
376
297
144
824
732
252
155
313
176
471
630
930
238
436
963
156
160
393
153
696
226
276
993
570
516
659
579
972
511
543
193
280
669
498
810
669
118
470
858
295
991
72
663
48
598
813
407
955
628
787
849
859
506
339
257
31
256
709
432
664
977
14
323
262
11
230
914
872
326
748
84
419
66
350
281
709
118
939
48
195
286
4
507
215
661
250
703
62
763
857
168
713
729
502
405
521
131
965
0
385
620
183
361
919
288
529
467
243
934
64
334
115
374
676
815
430
890
530
661
799
54
407
301
5
756
529
377
49
548
568
132
47
138
485
585
297
570
994
260
632
360
443
385
924
459
435
909
750
801
778
362
116
473
125
254
85
693
622
469
37
807
366
286
587
493
609
252
330
384
824
846
445
577
180
314
102
61
538
141
848
947
370
29
619
83
405
275
81
42
694
515
719
475
848
190
317
104
352
154
226
457
28
392
138
179
692
135
97
261
704
311
212
216
995
792
422
741
102
452
240
483
896
410
525
377
196
716
437
865
60
988
232
773
541
514
518
934
170
929
860
163
582
435
218
671
420
610
371
862
233
929
468
337
460
650
160
896
989
25
731
776
156
440
798
877
995
44
515
714
351
608
545
894
978
281
362
785
421
507
819
351
277
994
715
332
931
99
296
137
800
955
638
14
304
871
410
801
182
798
943
566
817
685
878
607
630
994
259
669
622
339
85
368
106
687
358
299
628
148
877
300
63
27
952
627
553
170
757
368
823
273
203
178
930
734
252
709
738
772
878
76
192
330
763
400
288
496
125
551
719
559
46
536
673
282
351
70
190
359
799
427
565
179
815
415
130
933
99
633
892
193
307
165
74
232
179
655
320
125
96
199
380
692
988
790
222
670
332
440
583
992
464
82
521
445
954
477
95
57
51
371
150
351
754
969
293
469
862
903
393
727
238
604
636
969
87
565
695
129
47
8
413
756
951
995
425
983
382
275
659
177
547
402
960
24
315
232
184
225
380
397
91
668
873
694
286
879
999
622
771
42
767
687
671
402
662
553
247
618
977
826
125
735
692
231
464
971
437
33
627
52
37
724
695
534
439
340
674
814
116
208
58
776
117
260
125
516
35
466
347
924
740
321
646
770
631
153
504
399
153
629
814
567
872
185
948
123
265
286
993
159
797
132
628
381
842
688
855
281
479
703
779
927
559
593
149
850
241
489
847
966
919
915
714
520
663
111
218
917
495
454
210
736
444
458
410
888
36
803
22
945
137
719
297
97
137
113
642
447
141
46
654
311
775
196
142
960
920
156
338
914
464
633
838
130
655
809
331
545
219
380
793
124
891
531
45
660
836
530
446
328
450
961
548
522
881
415
922
0
660
464
835
260
558
794
235
526
767
762
480
280
961
532
953
498
891
178
629
983
902
596
655
328
255
857
313
903
517
925
727
887
403
668
93
618
47
6
3
706
924
756
336
773
484
314
293
811
259
957
587
954
400
238
680
180
149
615
197
974
82
182
772
700
868
496
33
796
860
56
358
56
165
184
611
616
366
191
917
711
617
955
78
141
282
793
238
149
228
443
609
703
329
121
281
49
585
395
894
889
741
62
522
255
875
461
177
153
301
730
9
606
326
517
263
95
388
468
363
867
324
36
348
506
434
783
631
213
280
606
684
907
321
88
569
119
335
100
299
408
874
908
762
809
481
11
461
818
142
648
630
30
237
347
447
552
853
311
133
231
650
392
803
73
586
71
346
991
631
796
8
157
484
644
215
390
452
596
152
989
855
356
159
935
806
887
865
455
465
330
19
513
431
274
580
827
174
355
246
585
51
343
425
857
725
963
952
326
573
456
512
577
960
721
151
940
840
193
954
512
504
567
225
66
95
332
502
594
310
923
508
212
693
250
900
178
235
297
102
890
149
265
646
156
473
351
581
543
347
288
762
4
320
159
304
194
313
901
58
940
338
168
148
480
316
823
947
242
311
485
104
720
524
485
585
127
834
189
505
766
911
757
802
193
386
881
119
337
566
805
822
722
722
889
726
133
951
390
774
919
601
240
942
522
10
140
290
266
531
355
524
235
548
671
209
489
294
918
775
999
999
965
372
476
813
527
115
212
903
70
979
227
873
217
681
63
654
975
647
334
243
610
549
708
9
664
583
354
987
94
758
749
329
253
676
187
781
394
266
355
676
240
164
468
14
177
928
246
777
525
706
305
467
354
268
475
88
621
684
862
531
640
799
753
711
100
164
821
984
977
908
35
277
532
17
860
34
287
67
41
900
351
515
140
819
395
986
423
543
688
737
140
876
429
239
780
800
963
662
28
63
172
79
324
220
137
992
602
291
660
563
479
813
805
976
712
35
947
477
40
871
337
126
692
559
508
896
431
755
554
690
206
850
749
901
359
983
503
171
574
34
976
959
960
812
494
691
644
507
869
904
878
303
223
625
309
772
262
969
136
473
376
694
669
760
649
734
874
87
335
97
640
863
394
39
948
627
283
724
7
442
655
664
89
577
635
12
929
291
18
434
393
354
189
52
248
331
923
552
439
252
897
939
880
265
643
971
275
792
595
761
323
706
441
7
425
931
45
918
239
779
281
812
64
766
314
836
686
217
328
645
452
934
172
96
822
546
930
396
301
813
111
724
327
977
308
724
702
342
484
744
375
254
891
934
847
349
23
276
713
427
731
773
915
861
241
896
210
200
568
569
290
928
766
692
739
360
440
152
568
986
776
976
458
850
863
944
500
942
451
534
504
857
634
614
891
496
903
827
236
772
508
291
34
881
57
674
727
543
428
937
39
847
466
337
518
592
621
530
385
426
687
465
451
754
717
786
811
40
983
306
844
462
111
136
694
386
968
837
139
101
273
41
428
877
426
472
340
87
462
693
461
649
610
854
930
24
301
824
173
661
865
444
658
590
913
762
28
426
42
813
575
196
615
200
645
995
15
959
156
833
626
977
752
195
661
643
229
617
114
969
536
567
420
281
983
827
553
369
325
952
544
162
83
642
501
996
971
626
154
765
415
444
457
236
882
152
231
475
156
910
523
844
828
934
312
250
641
198
79
235
778
189
833
837
159
608
619
791
215
466
483
90
243
658
473
408
539
111
810
915
663
863
769
313
577
673
462
782
138
383
484
650
105
561
222
253
283
846
66
257
319
411
201
295
290
25
69
436
779
866
371
229
223
92
35
88
375
201
582
933
192
646
864
982
164
531
582
755
383
299
810
376
525
629
300
899
114
57
43
577
954
479
916
304
986
28
378
426
110
903
407
688
741
907
722
677
106
533
578
845
604
961
994
910
208
255
493
886
493
548
371
933
552
287
469
28
321
529
494
126
342
200
930
262
167
134
435
193
682
965
594
725
536
478
171
699
271
699
52
401
185
945
903
386
357
290
77
682
813
265
22
69
392
951
167
495
72
486
91
66
14
268
341
523
757
83
996
893
756
567
504
747
400
583
124
360
754
63
581
473
260
29
938
141
714
819
693
924
39
708
881
142
749
850
251
293
753
664
70
422
998
276
938
460
561
383
701
589
957
615
308
537
912
37
932
848
61
899
804
548
564
664
637
47
903
87
85
253
302
692
864
61
933
905
161
468
540
617
167
123
784
227
147
475
232
320
257
934
322
328
125
991
663
570
368
484
324
395
859
851
322
529
491
827
865
344
542
628
193
981
469
554
113
913
474
510
131
32
420
757
911
442
0
341
264
530
490
470
692
157
309
157
487
885
7
119
626
679
704
491
56
986
725
552
426
425
224
98
275
211
722
919
614
81
564
847
279
767
754
795
287
262
33
941
148
361
571
809
184
503
64
538
881
33
391
799
801
21
822
88
239
250
950
404
46
124
514
220
68
90
625
566
221
798
354
666
641
909
520
153
571
144
294
408
172
642
636
591
616
924
251
790
583
661
222
434
422
117
265
565
975
731
206
964
438
893
846
725
750
601
293
648
652
202
321
437
345
453
732
230
846
629
752
911
851
307
370
315
256
642
794
681
24
970
706
951
179
411
413
901
475
629
43
637
121
245
170
657
800
458
894
566
602
369
52
616
731
478
563
894
195
20
333
64
223
511
45
30
354
183
680
978
264
536
25
240
275
576
48
493
386
769
675
62
758
112
976
235
431
508
377
332
183
75
137
602
565
409
478
321
636
315
831
596
317
755
904
658
11
4
492
832
701
617
338
191
553
793
67
23
375
622
99
100
532
598
486
880
416
74
973
185
66
877
73
860
746
70
984
98
519
74
293
954
723
123
252
968
595
622
894
164
899
700
818
214
618
119
453
177
202
800
836
293
514
678
103
801
647
385
512
152
361
831
268
372
250
991
193
257
20
309
585
539
91
670
869
234
881
204
598
701
257
468
312
933
686
565
177
148
333
260
72
653
159
294
257
989
924
45
112
698
101
535
755
955
720
651
157
569
665
86
41
821
135
613
524
866
885
820
806
19
562
302
193
744
139
518
123
869
207
765
833
476
404
484
45
149
304
581
530
866
74
573
156
64
602
125
997
467
478
993
526
768
543
776
275
649
124
990
522
77
941
446
821
622
866
308
422
15
277
282
475
390
117
673
346
726
644
242
670
120
435
141
666
603
5
298
125
369
2
471
368
532
485
42
716
177
487
430
39
379
53
163
352
411
328
129
265
423
692
93
117
57
323
288
42
730
50
140
192
983
724
225
58
386
342
855
29
27
100
244
143
297
802
824
466
51
612
191
129
4
162
158
786
287
6
730
261
751
72
158
332
883
148
484
91
184
306
542
681
302
671
180
471
447
66
144
225
438
706
609
643
781
382
573
839
129
716
195
724
194
374
559
576
469
889
983
681
932
80
414
768
514
930
335
551
975
679
429
980
546
176
336
71
920
199
522
769
216
517
218
318
49
475
209
292
222
699
963
836
33
584
369
488
413
507
613
166
648
616
565
188
129
424
131
164
591
144
612
250
723
537
304
492
470
649
322
25
469
395
633
589
348
722
421
452
601
564
653
893
3
141
97
481
483
448
420
235
817
190
804
362
906
272
693
181
0
79
699
263
11
391
703
996
903
78
475
442
222
395
529
563
199
893
153
130
518
314
201
315
390
66
411
57
261
50
129
882
184
165
564
61
262
936
621
368
649
221
19
883
194
594
887
801
556
570
980
47
620
685
908
765
191
180
630
694
437
496
324
811
189
59
724
956
185
110
341
809
234
165
197
70
287
120
808
718
859
475
716
321
556
825
475
201
99
156
784
809
785
368
261
279
879
593
109
52
513
58
317
217
235
143
737
476
44
997
644
755
354
200
847
144
335
62
342
494
387
835
8
43
41
723
662
319
814
47
765
396
832
58
207
205
387
372
254
444
554
81
483
71
379
18
214
651
44
556
687
540
21
271
629
212
950
754
213
754
715
917
629
212
501
688
937
952
122
210
717
495
752
364
380
155
270
415
313
851
83
67
420
797
899
201
560
771
335
180
875
665
997
219
453
293
424
122
172
656
801
306
750
788
118
598
433
447
522
96
992
159
164
187
959
974
845
114
297
817
796
88
575
923
237
578
644
911
354
370
79
541
711
221
257
124
372
671
936
482
327
213
914
632
776
108
222
274
841
945
760
621
14
400
515
425
705
672
732
441
50
38
796
88
300
498
870
711
387
535
690
517
269
135
705
734
718
318
330
454
337
309
452
96
748
866
861
90
835
94
595
900
352
800
961
801
249
128
268
396
274
510
230
599
397
444
35
568
639
441
674
301
941
344
766
25
230
72
286
95
755
885
234
247
412
159
719
743
93
89
252
436
225
213
134
337
150
942
465
646
657
166
384
853
955
329
679
601
77
969
430
640
287
604
769
315
927
755
950
699
136
268
742
726
209
626
640
290
200
107
675
121
279
243
858
942
77
832
53
192
680
37
205
252
649
186
671
807
368
988
502
780
771
73
314
571
41
31
797
115
380
941
464
553
14
794
929
657
466
796
872
37
975
892
259
644
521
625
70
604
56
162
262
51
389
592
128
146
313
842
621
420
913
355
986
141
688
1
701
878
211
687
242
784
210
214
975
855
973
56
676
762
854
109
552
440
774
361
696
572
930
773
96
140
255
476
279
726
971
650
550
972
559
416
617
955
714
283
474
950
543
598
322
672
170
565
730
826
406
900
417
841
107
134
478
467
254
650
968
324
778
123
52
636
454
344
343
779
822
443
380
17
694
821
728
439
956
794
893
881
694
945
812
816
836
71
758
619
223
436
101
822
98
334
286
286
536
45
346
827
719
639
821
399
51
508
430
502
781
660
105
70
205
912
521
73
958
95
434
65
865
378
773
748
237
866
69
896
70
80
211
841
595
645
125
696
165
427
156
246
916
396
701
113
972
201
304
526
320
14
968
608
349
164
506
575
811
63
489
701
319
689
873
205
260
70
891
837
284
794
449
694
785
760
219
521
417
197
736
260
386
467
328
230
234
770
402
647
210
636
834
723
403
328
854
712
530
123
224
238
584
505
974
511
53
881
1
295
198
426
355
774
93
464
988
779
312
316
454
179
676
131
432
707
443
670
864
794
299
610
197
106
938
208
515
768
231
488
56
226
827
937
207
202
759
844
619
824
999
210
6
332
456
691
42
260
182
369
664
522
473
869
383
370
73
232
512
411
840
139
200
899
814
227
301
320
483
743
700
957
176
237
522
137
879
525
233
174
596
995
902
145
572
602
97
53
253
655
221
557
478
692
448
154
65
470
461
313
366
666
144
97
650
931
585
35
815
439
773
803
286
634
114
550
890
883
386
668
599
470
17
736
595
138
90
854
412
364
398
5
898
715
135
349
390
813
901
106
450
74
166
57
315
520
419
730
37
79
569
751
926
654
701
580
342
532
148
888
381
516
410
627
574
827
593
912
826
316
292
69
48
902
188
800
675
636
827
388
396
157
167
861
747
165
353
664
792
996
847
167
198
749
447
52
202
466
941
475
16
622
935
588
112
227
351
225
287
950
464
101
200
919
740
350
732
645
245
437
720
785
219
860
710
105
814
791
903
1
805
285
16
365
126
664
762
954
134
779
230
573
811
85
456
996
48
292
483
180
233
755
750
219
496
462
230
607
935
301
572
630
615
311
504
624
48
241
894
817
290
168
48
139
468
195
252
852
354
852
63
612
60
881
354
914
413
422
533
727
586
373
721
83
4
80
858
926
471
902
949
618
539
653
677
727
922
232
453
319
428
689
161
460
288
951
477
390
444
515
251
617
198
744
335
222
340
146
381
89
585
104
214
291
873
756
518
97
15
867
233
525
772
944
696
227
899
510
910
463
563
6
248
413
253
21
781
513
262
314
842
536
863
479
753
70
483
253
130
761
937
877
82
966
859
860
748
99
230
278
526
781
483
719
549
3
189
222
435
947
380
418
632
211
737
298
174
250
835
944
770
912
769
517
32
435
969
395
326
11
969
846
436
593
420
965
873
651
495
536
986
883
36
82
607
506
918
241
398
31
895
956
85
724
943
380
962
858
46
301
597
811
923
447
600
977
789
81
101
910
778
725
201
51
847
186
783
797
80
861
657
140
832
369
955
822
779
233
224
460
73
356
193
867
22
489
290
846
48
962
807
10
304
797
856
938
165
168
641
140
173
654
493
675
86
592
884
278
716
253
554
834
771
357
674
691
80
250
555
713
619
761
498
864
151
95
807
704
310
423
52
39
574
451
996
795
600
753
377
917
779
488
465
866
828
130
225
316
266
421
290
920
431
117
67
905
593
140
991
37
105
669
585
518
243
29
797
260
520
307
793
473
112
625
244
814
204
755
565
452
100
96
863
877
148
999
412
243
180
556
119
457
879
883
735
745
28
571
609
662
28
199
956
668
515
297
27
764
595
336
966
28
221
780
795
590
169
94
52
440
889
446
680
852
928
832
926
409
896
366
686
425
509
164
387
204
140
7
727
870
665
304
237
188
927
80
845
437
168
188
203
806
815
714
777
942
588
540
278
340
169
878
62
342
619
963
997
467
723
900
335
419
349
43
809
757
328
781
853
321
15
14
9
567
872
514
290
280
627
57
304
660
285
978
617
963
750
843
162
56
423
528
619
458
320
498
811
845
425
842
971
513
87
102
311
698
394
795
643
480
85
220
747
399
805
642
542
513
261
613
419
19
449
850
427
941
986
869
297
174
106
560
128
119
32
540
341
87
534
992
341
759
737
592
975
39
409
559
501
745
785
873
230
155
433
466
152
115
491
915
485
518
843
942
564
842
698
135
561
910
636
638
663
934
632
59
821
578
128
521
78
777
691
174
526
946
359
849
729
596
714
885
54
799
995
869
365
682
204
24
829
718
556
448
201
651
250
533
44
162
652
727
330
563
849
164
88
319
331
415
175
64
577
50
613
688
275
93
861
775
640
63
928
585
877
236
396
392
879
415
564
454
483
786
624
349
563
749
470
954
36
451
281
31
430
707
161
537
283
541
227
321
132
899
339
31
464
530
159
931
7
665
765
30
782
178
944
521
715
550
847
443
587
654
919
841
130
711
162
681
971
318
415
585
473
740
468
254
838
195
18
718
857
962
424
449
61
326
747
294
615
290
92
898
912
359
505
975
341
639
241
906
643
95
226
429
31
515
654
207
636
271
814
960
926
83
780
489
951
990
335
179
616
175
235
344
595
311
232
671
854
395
484
211
259
793
467
86
605
712
390
290
621
205
393
465
446
755
466
373
438
411
95
826
734
437
774
787
36
662
907
306
575
834
606
812
362
899
795
84
269
306
406
351
136
86
454
409
385
35
577
309
392
397
648
410
329
333
597
684
826
667
346
89
534
677
780
374
617
78
104
552
61
602
285
455
180
409
698
799
447
235
369
186
574
699
236
11
193
911
822
708
607
526
446
290
108
827
880
775
344
169
676
216
62
856
611
880
106
775
447
941
71
922
794
106
792
710
874
237
85
474
196
745
673
312
878
783
105
285
169
880
447
885
31
102
16
419
361
124
618
264
260
739
203
456
965
158
278
461
123
832
575
583
924
133
905
273
626
38
837
770
375
465
182
810
535
601
243
131
438
129
308
755
546
231
57
223
921
110
615
393
621
68
429
357
143
190
374
529
523
593
119
563
619
59
692
471
334
936
262
89
674
825
120
608
23
218
282
628
166
483
509
586
787
353
688
173
382
686
666
374
640
583
737
431
716
404
242
269
883
165
562
181
366
51
653
288
421
636
565
337
597
707
14
527
882
392
823
430
401
836
787
443
897
207
745
471
946
157
216
779
719
943
439
86
201
934
325
435
548
485
564
38
805
736
843
112
180
23
116
785
350
71
402
614
759
267
168
731
982
727
350
450
385
222
621
741
563
980
438
560
291
134
437
979
78
896
524
342
32
383
813
222
847
577
455
335
1
930
534
354
655
969
500
370
41
90
340
337
764
212
417
352
546
245
82
127
329
573
472
161
334
441
899
676
131
681
314
463
175
124
106
205
29
722
410
570
320
699
868
859
45
102
37
602
57
84
129
546
701
294
993
920
295
299
862
411
443
463
467
798
913
449
422
939
329
740
175
186
236
33
140
314
573
802
732
815
577
745
946
485
34
570
741
540
434
823
158
181
414
451
217
243
392
33
448
237
938
294
476
763
584
140
901
503
445
984
516
599
473
926
943
520
25
131
725
189
815
12
515
295
836
157
61
111
99
836
193
571
936
568
185
253
929
204
863
946
684
464
758
201
353
154
726
250
601
920
841
138
815
465
396
556
733
773
312
121
603
723
401
132
332
962
222
15
921
473
474
490
778
578
250
46
673
788
873
300
386
561
336
531
585
80
234
554
754
708
631
402
710
548
551
440
60
628
162
282
287
259
918
240
839
342
832
197
434
22
766
781
628
662
580
457
125
352
733
905
10
352
877
954
78
72
861
272
755
630
935
693
531
243
650
787
444
221
768
127
179
879
990
366
40
47
595
876
211
377
333
482
541
546
185
184
675
120
49
428
206
784
587
297
934
167
863
820
328
661
673
947
765
751
632
983
261
220
686
923
932
547
442
181
548
811
114
909
11
114
804
963
367
586
287
782
391
377
949
978
691
96
748
642
359
558
518
351
628
205
885
839
687
158
739
225
694
185
809
584
376
776
86
726
421
516
555
475
574
47
572
462
894
100
849
907
673
356
206
446
99
939
736
39
421
34
641
791
268
622
70
305
906
192
823
588
712
966
798
649
700
187
668
728
456
539
184
7
499
265
761
501
637
572
974
580
389
599
300
614
556
824
281
114
279
52
982
446
977
385
314
911
296
635
372
791
593
419
849
918
870
773
751
76
823
473
153
694
391
109
604
687
472
641
945
617
953
339
197
452
415
59
677
46
434
833
325
155
450
734
523
487
201
897
944
450
707
227
247
484
307
189
177
793
391
976
456
134
231
404
906
549
922
102
192
245
35
284
904
350
634
459
7
971
149
19
147
696
728
632
281
694
26
757
682
741
82
108
556
626
194
433
518
937
787
768
211
341
25
860
986
693
609
18
989
265
984
124
906
678
326
938
471
245
51
102
217
827
544
71
342
693
233
905
177
610
761
531
206
37
415
497
958
763
840
282
45
906
220
261
963
515
29
608
80
161
894
809
148
674
401
344
565
806
52
436
530
581
988
613
536
750
754
963
403
926
181
341
799
373
985
76
335
583
366
321
30
177
380
828
580
627
742
159
563
381
132
474
195
125
309
384
450
232
140
626
944
806
419
498
531
715
413
51
310
819
25
207
591
134
412
945
889
357
349
124
791
476
31
531
594
536
27
731
244
178
980
686
406
52
799
273
176
460
722
728
839
647
620
377
692
280
902
774
114
257
633
135
360
248
623
951
48
670
70
990
638
389
531
175
885
104
963
866
719
239
672
21
452
50
161
623
309
502
379
765
641
510
463
768
431
804
324
679
453
104
831
177
472
840
519
189
981
889
14
998
800
92
565
905
875
501
655
953
841
96
378
965
516
861
409
816
356
886
93
257
136
973
860
60
402
148
58
729
726
663
680
299
179
469
787
956
805
31
503
127
274
535
747
486
292
5
430
285
534
878
970
294
467
671
408
87
507
104
500
553
959
172
922
618
199
919
33
350
746
393
264
817
478
627
646
40
561
735
950
864
791
573
771
231
12
379
416
690
220
605
811
790
721
413
627
20
862
477
8
791
402
434
730
447
446
123
548
171
114
331
786
994
533
403
393
106
380
772
454
749
557
722
201
169
324
181
75
551
286
741
263
887
444
955
317
353
522
184
468
255
481
96
985
561
57
439
739
25
379
79
321
592
422
168
494
480
816
826
11
941
640
255
126
542
353
316
906
855
170
305
735
268
228
591
219
903
243
930
97
994
321
559
977
300
375
63
288
117
445
420
106
900
52
436
237
260
42
668
304
258
973
463
220
18
588
935
393
338
627
995
996
247
253
954
311
863
791
398
729
535
498
828
424
822
465
644
85
377
692
652
479
312
869
738
107
145
369
505
34
868
96
163
43
455
497
568
138
258
399
110
505
558
769
170
262
849
945
342
629
293
994
931
96
451
216
849
892
353
811
700
134
475
660
601
390
817
339
962
970
446
887
470
686
305
480
893
75
39
442
634
213
312
835
962
514
857
655
924
848
483
193
945
382
361
909
654
733
135
804
720
480
65
687
231
282
34
896
166
479
967
725
338
422
499
142
224
717
164
250
500
94
901
228
688
89
405
860
538
385
808
419
681
267
205
959
945
452
528
16
948
787
121
754
836
455
284
276
454
690
682
184
521
758
112
437
400
567
471
113
876
361
300
218
14
395
705
143
411
133
475
578
224
238
205
305
224
521
933
173
180
40
245
227
34
817
917
537
578
984
639
387
701
830
907
431
838
553
852
102
997
36
91
284
2
0
675
273
703
138
308
433
185
71
596
801
32
22
483
755
973
509
205
756
148
967
293
100
370
428
616
53
16
953
192
879
313
937
899
444
648
908
339
696
46
784
463
915
147
437
809
282
898
933
145
714
298
492
418
695
777
796
716
332
188
220
194
307
677
306
229
952
844
206
785
569
594
106
789
465
650
439
961
117
152
513
651
806
638
437
379
192
324
969
552
859
568
254
346
552
479
594
233
54
179
489
541
165
686
125
200
698
685
947
834
693
560
431
667
464
761
683
798
609
227
348
508
977
925
14
494
262
519
914
927
126
484
988
33
564
737
857
303
752
109
961
460
946
273
265
50
776
434
349
204
625
29
564
416
80
898
468
15
660
924
608
544
663
464
15
52
654
884
15
922
345
346
721
166
548
396
823
638
413
834
403
118
727
763
178
324
518
536
969
190
171
383
414
762
282
230
659
686
219
54
6
330
86
67
852
346
211
593
304
488
632
241
590
498
372
252
141
496
156
527
108
593
723
767
996
14
952
535
622
927
619
968
631
245
471
977
753
527
78
551
604
873
649
878
733
66
984
113
869
876
818
198
557
402
212
45
480
645
991
307
315
295
413
370
616
908
580
795
601
301
567
983
547
975
192
610
968
140
795
681
938
929
375
286
301
391
806
673
388
981
912
577
63
678
898
723
923
703
380
42
651
93
60
88
118
500
181
172
440
178
700
853
389
261
125
702
635
634
408
666
704
568
738
553
900
260
410
588
136
999
425
182
703
925
749
395
531
599
120
477
372
163
636
316
653
1
410
694
863
338
660
993
570
397
455
852
473
362
717
12
301
146
921
854
405
886
724
151
629
103
632
844
836
678
276
480
90
190
767
224
138
239
168
485
60
908
861
962
974
366
858
68
628
410
429
34
646
664
648
701
713
830
230
698
377
677
26
78
293
851
548
122
155
976
349
159
173
60
877
778
372
721
379
83
21
805
861
643
393
780
616
573
481
811
10
639
921
639
30
568
709
991
993
92
922
719
50
894
838
959
311
373
482
12
790
946
774
565
552
473
694
352
765
390
860
526
956
674
639
180
170
734
18
532
461
783
223
235
625
523
446
692
323
155
896
117
108
569
185
833
120
491
606
566
199
497
171
439
172
452
544
212
364
847
829
145
665
715
691
660
696
669
781
331
424
11
751
750
853
583
406
504
603
770
800
436
758
565
661
694
881
260
430
551
733
204
373
181
437
815
965
427
321
517
323
860
551
397
30
990
744
948
51
692
930
94
420
116
17
987
42
651
124
795
936
6
366
661
650
978
497
651
534
566
130
203
713
783
457
482
493
980
311
882
434
188
77
582
763
517
826
714
418
654
901
392
943
287
156
25
516
319
917
201
892
942
187
726
286
284
244
306
445
466
744
854
258
768
443
298
828
454
767
955
590
495
492
796
945
939
202
200
292
972
121
847
154
787
294
271
307
228
208
780
501
255
44
667
692
656
14
947
767
41
161
942
285
415
601
391
448
34
334
579
225
617
420
77
437
630
289
349
734
997
927
761
125
755
179
303
294
60
660
337
436
989
296
930
928
868
515
200
36
317
658
346
724
686
479
324
407
829
214
729
690
656
167
976
253
206
852
610
859
868
374
219
612
842
963
735
333
63
412
423
371
290
244
172
660
827
618
659
575
882
379
202
452
718
745
562
438
448
273
157
800
184
732
754
6
976
996
126
782
585
586
901
591
595
669
290
529
369
973
795
997
811
296
353
534
445
901
294
543
385
616
304
999
97
966
973
483
367
657
199
715
72
150
346
984
934
12
187
595
622
568
84
506
10
287
21
71
783
227
125
441
521
98
666
263
141
427
781
146
823
483
305
266
310
407
413
76
845
555
144
443
579
314
285
13
933
335
304
663
123
667
879
83
192
367
652
560
301
285
562
179
217
978
821
501
66
247
95
477
463
616
929
192
753
940
567
974
174
231
855
838
608
284
251
733
566
111
461
323
546
362
267
78
787
918
147
643
323
908
96
338
756
716
101
50
566
598
505
157
852
736
588
53
832
32
650
431
412
986
246
607
522
603
792
652
70
814
706
845
515
751
991
124
523
415
780
226
660
24
12
643
455
578
671
924
66
445
355
834
328
151
22
468
631
72
138
716
507
380
714
722
57
792
228
610
630
473
40
319
889
74
712
287
535
525
831
529
566
948
751
69
979
735
758
819
720
416
785
934
296
902
108
50
45
863
200
116
844
922
278
625
327
492
636
26
244
312
53
342
804
84
701
112
630
674
982
571
548
173
12
515
7
333
152
534
791
684
939
738
925
993
153
601
261
605
384
339
334
645
577
530
468
519
638
20
143
800
245
28
165
765
580
978
806
896
365
804
591
630
580
957
305
727
575
398
194
630
805
786
853
498
434
726
926
35
474
856
216
753
355
655
530
201
585
619
695
553
524
423
189
127
972
724
945
596
784
864
544
903
315
167
753
352
680
416
298
233
920
764
840
676
914
146
819
377
66
815
968
534
196
644
545
485
66
72
171
576
973
471
14
112
505
435
978
886
396
91
384
905
937
433
911
378
7
824
424
540
703
253
59
505
742
117
67
440
223
880
144
683
662
692
452
832
912
245
145
822
918
860
200
659
820
862
84
243
53
238
721
60
281
397
231
704
242
489
380
10
211
268
320
596
858
390
690
993
639
869
396
78
141
69
978
991
42
595
689
855
186
102
766
191
296
792
276
267
103
496
322
634
437
972
60
573
361
590
544
873
735
892
244
80
450
221
167
748
946
256
813
302
102
287
63
774
115
524
658
908
989
875
182
871
717
969
18
532
765
11
511
177
656
137
34
522
253
212
429
435
53
246
912
407
522
593
636
537
747
996
601
770
53
289
1
866
509
82
916
434
379
605
69
889
729
813
940
301
517
171
110
372
754
276
274
732
654
53
421
96
839
381
233
268
7
258
961
883
674
679
608
974
846
180
379
952
691
134
204
352
698
385
536
535
386
139
787
107
497
322
571
114
216
705
442
323
354
839
768
842
951
441
16
818
292
241
585
360
685
862
201
277
277
302
21
484
621
633
404
565
843
753
452
217
341
767
252
823
319
175
805
478
250
590
123
668
637
755
48
759
495
604
834
250
526
603
20
434
74
641
675
177
510
392
650
307
320
679
288
391
686
642
671
953
123
897
281
429
826
82
574
150
779
745
377
648
740
591
44
186
2
120
985
449
32
681
963
713
662
866
468
925
262
545
184
473
531
975
673
741
59
47
189
885
903
980
701
351
704
266
215
660
300
272
550
923
41
60
641
115
521
295
545
519
111
579
375
439
305
450
317
284
559
97
131
972
339
317
974
975
529
92
172
432
505
680
419
880
122
55
914
544
457
246
176
78
322
904
724
299
455
25
292
170
111
448
90
2
200
540
500
871
816
390
539
126
328
936
238
336
722
964
928
922
901
776
7
170
775
608
695
924
626
181
278
318
218
637
969
688
774
514
111
897
188
247
84
558
354
177
489
275
707
938
578
519
462
556
592
171
373
940
896
772
340
13
323
81
713
735
888
630
220
646
775
643
294
376
327
359
343
618
483
721
34
594
976
264
156
498
778
657
509
843
759
417
61
89
4
851
915
438
414
548
874
425
756
206
574
184
4
282
158
19
363
665
689
475
913
365
101
131
548
707
134
190
556
324
893
593
31
220
401
602
101
978
714
114
455
418
491
239
531
735
375
452
875
69
144
821
167
757
364
222
416
906
457
548
383
541
43
254
181
52
75
548
180
880
353
521
30
78
230
573
77
710
139
534
826
163
663
33
729
658
647
387
261
806
710
109
944
3
663
575
294
178
328
291
635
565
818
70
82
260
838
611
488
86
74
961
624
683
764
669
271
170
527
787
27
999
916
297
464
768
546
908
115
703
577
472
131
698
3
658
436
538
548
240
829
561
908
435
277
567
298
523
450
54
987
892
794
509
355
697
381
242
124
382
378
700
29
730
546
63
980
796
586
689
919
508
613
253
7
278
89
790
295
11
368
654
188
721
170
631
565
588
585
490
468
668
493
510
381
561
209
332
230
772
558
993
768
392
870
403
918
281
500
759
651
12
114
434
161
831
363
398
407
178
642
392
59
286
394
680
656
693
432
761
873
187
510
1
703
331
10
67
823
389
246
459
216
566
224
209
579
864
949
115
468
300
874
948
552
765
155
257
831
15
512
29
132
952
900
235
51
389
727
724
778
784
431
770
163
945
451
453
57
235
800
515
353
553
47
581
940
712
375
560
978
110
119
97
176
523
551
717
236
95
631
904
553
964
687
148
159
510
225
988
548
208
156
145
1
161
379
533
926
279
22
878
888
186
982
885
348
668
582
440
404
136
545
93
481
737
319
248
657
620
732
223
948
56
322
980
834
276
837
162
87
931
895
3
913
220
742
361
561
700
483
668
256
432
509
60
613
989
389
464
372
795
834
222
24
898
200
35
764
515
301
717
871
442
164
695
662
811
254
149
439
11
573
865
219
759
314
997
866
619
98
458
806
252
149
168
721
94
992
295
32
886
867
798
437
135
524
218
999
719
821
457
245
999
4
302
811
126
898
680
803
600
943
95
487
830
204
599
854
389
800
480
134
859
383
892
513
871
271
339
347
705
501
916
347
682
760
453
272
933
180
772
158
221
787
47
432
369
510
633
416
534
26
582
589
300
377
305
541
596
837
563
619
384
261
207
594
315
657
524
867
810
64
291
771
315
325
649
985
869
797
583
502
593
900
560
942
304
825
531
598
797
415
898
287
604
821
666
634
770
344
460
420
247
903
371
195
258
551
279
977
955
240
809
921
943
256
112
992
591
455
883
639
506
99
320
78
373
349
749
594
928
603
13
10
499
263
37
318
504
360
47
265
251
767
94
817
735
757
204
332
578
675
793
22
300
282
541
976
860
693
263
707
748
979
830
205
910
625
897
971
55
943
802
728
539
682
272
509
969
131
5
578
144
341
813
515
370
956
312
526
696
221
138
380
735
152
369
671
593
525
214
859
454
558
896
807
765
577
365
494
422
242
723
601
562
830
382
527
381
946
818
992
674
213
420
126
703
635
820
21
747
108
70
93
790
596
649
662
336
724
982
603
949
250
765
833
798
892
61
106
379
906
283
733
280
165
46
169
14
234
344
202
340
572
967
426
766
745
884
244
284
379
315
613
414
147
581
196
982
337
459
243
886
94
667
62
165
557
536
836
340
663
605
876
965
495
994
786
558
61
698
297
874
711
748
939
297
293
49
399
938
347
909
267
806
828
130
850
902
317
529
863
663
161
770
35
909
203
591
436
958
896
387
822
297
638
712
638
319
112
322
645
184
860
262
449
49
30
104
762
533
590
787
628
745
567
977
392
388
10
853
120
303
739
983
843
138
297
529
173
583
860
824
459
634
26
557
934
73
451
60
182
489
734
724
912
193
323
632
755
315
906
462
919
936
604
558
175
675
505
405
417
897
161
411
628
664
215
649
505
949
211
599
53
130
791
573
678
392
700
344
115
225
333
752
857
818
412
152
123
654
60
901
346
222
168
746
422
808
706
51
891
990
190
433
112
281
783
222
220
37
802
761
561
422
714
876
61
683
844
540
783
443
212
697
647
757
167
159
673
300
531
627
692
587
939
938
814
925
720
375
778
600
565
731
668
67
457
410
836
581
250
467
42
872
424
56
345
783
511
552
238
763
706
593
379
444
772
529
943
974
520
391
1
938
757
374
37
15
114
746
126
104
976
485
44
703
375
436
407
122
921
262
229
54
391
821
369
809
904
56
237
37
857
519
641
609
746
313
60
586
757
163
513
154
268
578
190
855
195
339
442
680
644
128
781
420
266
998
949
243
848
173
294
344
82
824
393
792
500
605
152
492
906
62
528
949
208
770
440
713
227
926
929
136
295
264
55
37
923
469
816
849
946
737
434
898
531
23
57
972
515
114
449
142
761
732
33
481
170
516
241
820
799
941
525
251
92
748
771
313
242
930
537
44
143
876
234
552
756
655
379
415
191
672
952
103
42
275
69
588
132
313
602
112
919
784
294
792
82
398
367
513
711
197
393
787
983
918
598
860
221
215
204
928
456
310
845
176
613
451
83
888
437
161
18
525
579
438
403
143
376
764
78
364
106
974
231
886
75
998
917
605
678
710
559
167
143
638
639
15
91
142
396
308
493
492
778
388
451
776
197
697
920
438
926
58
884
12
613
389
89
917
839
428
255
573
874
797
842
694
871
510
538
810
271
321
772
778
962
956
423
22
427
925
25
214
192
644
483
25
200
193
602
515
342
431
136
124
453
329
515
255
332
477
3
808
77
478
114
226
601
182
903
288
486
611
67
618
179
169
256
539
602
737
951
136
887
649
113
731
9
51
488
905
71
122
215
376
589
107
423
782
359
177
675
38
405
547
254
452
215
73
844
435
299
237
375
556
197
807
267
954
662
564
387
124
696
887
117
570
992
848
971
892
317
981
44
88
625
374
931
482
654
725
494
248
642
294
641
126
550
27
356
168
171
779
667
735
302
836
636
870
878
422
326
205
651
330
992
909
457
43
432
981
870
188
277
868
696
210
655
864
250
892
125
638
937
152
919
227
314
263
614
339
710
324
424
641
792
657
489
326
926
515
766
724
31
686
643
301
861
676
848
592
322
146
231
981
767
452
497
360
107
90
178
395
361
362
266
159
429
785
949
747
392
596
469
457
794
908
791
140
712
153
556
799
886
230
80
698
878
221
888
630
386
236
831
108
878
657
682
616
274
234
6
236
622
872
214
658
838
933
601
169
1
883
642
317
549
975
298
648
357
622
180
37
110
478
599
903
646
104
874
677
597
453
738
208
329
7
735
848
941
537
472
452
817
953
572
105
176
213
188
806
237
820
757
85
264
823
953
555
528
215
104
972
393
817
443
969
560
207
66
747
292
192
182
477
192
996
945
469
190
864
37
267
654
529
603
477
87
439
813
730
957
743
470
405
980
630
632
405
540
226
909
579
413
763
794
315
797
419
122
143
504
617
583
16
383
76
302
422
380
190
315
210
77
519
898
82
167
660
33
293
668
128
962
536
384
809
53
464
945
478
597
368
821
784
545
853
913
30
502
168
431
333
579
364
903
455
686
377
17
300
589
529
681
55
824
617
237
355
381
466
355
205
163
888
638
371
555
234
67
269
219
395
319
587
870
216
323
472
425
404
691
405
926
593
795
393
158
487
331
816
491
521
156
713
516
182
707
84
765
734
78
291
998
287
381
833
506
142
939
569
75
241
532
992
419
388
793
909
694
618
746
768
471
951
580
121
113
236
267
250
7
283
121
64
285
67
512
645
184
870
684
58
659
241
213
540
356
635
404
612
295
914
891
19
162
659
570
165
776
232
887
966
561
159
477
170
57
392
97
529
352
15
441
28
35
491
429
921
546
710
995
357
353
319
662
770
386
436
406
822
698
395
390
414
691
299
834
971
427
190
79
149
443
546
192
413
426
817
133
935
707
573
575
776
396
744
514
684
880
963
314
683
832
917
625
780
109
223
519
139
570
125
355
632
799
319
97
160
120
545
301
615
776
304
327
813
16
606
624
817
365
736
155
348
801
494
695
640
280
338
36
656
957
597
684
497
982
310
493
58
470
972
700
616
441
871
540
493
869
57
727
922
544
443
668
498
756
557
729
265
42
406
763
284
734
509
780
963
71
311
52
909
962
666
587
290
303
129
677
615
748
753
584
678
32
819
994
124
683
276
415
87
292
73
481
631
804
271
912
939
521
769
157
128
381
163
9
686
944
215
843
292
739
550
978
461
199
490
224
226
701
321
696
2
303
572
385
311
206
489
378
731
310
789
761
603
111
502
575
11
934
993
318
178
763
111
182
40
92
198
548
421
226
101
4
531
633
791
537
790
510
44
730
107
93
756
63
607
137
461
844
169
983
607
485
11
109
534
28
413
510
576
30
331
505
528
100
193
988
202
177
307
187
319
311
761
278
475
832
187
737
318
705
457
93
856
905
303
127
953
371
207
935
840
215
663
156
713
464
900
823
932
954
415
5
668
722
551
185
645
779
167
561
90
302
170
407
430
777
644
539
705
323
507
294
93
215
662
858
578
903
724
809
158
852
977
564
177
587
28
118
241
489
220
855
761
802
460
588
63
710
172
823
398
790
99
499
793
85
890
892
473
714
202
532
17
566
401
832
975
321
905
829
198
953
793
397
122
398
944
214
684
951
335
901
375
161
622
678
282
754
450
832
791
985
798
95
922
432
175
73
854
828
820
822
37
573
646
633
631
305
165
612
805
389
355
683
718
391
485
176
489
94
526
159
124
291
366
282
716
660
796
920
182
341
647
513
862
386
620
5
14
996
363
22
522
320
538
219
241
686
486
247
766
311
311
113
335
768
996
325
590
863
839
67
759
580
882
302
433
74
562
856
272
502
938
204
890
447
499
388
33
46
587
668
512
560
844
839
26
577
167
208
87
68
960
579
656
520
484
806
629
725
168
826
373
112
451
830
710
347
399
134
382
728
212
895
785
631
710
775
531
134
288
827
408
705
592
49
682
466
37
319
916
834
910
923
253
601
693
324
278
539
709
769
847
12
175
601
759
957
35
194
923
878
997
598
801
310
710
203
613
674
125
122
412
770
573
219
887
842
81
22
634
880
677
669
726
201
758
904
963
609
261
737
778
274
792
82
706
364
370
603
265
495
725
480
590
77
484
386
453
427
725
13
546
937
631
810
281
624
169
678
813
67
372
107
176
578
169
589
147
219
173
639
654
1
740
335
506
170
820
160
629
971
972
831
62
383
444
232
585
632
774
473
77
221
430
839
164
532
479
416
499
402
262
1
299
57
770
81
639
409
764
645
368
883
19
461
653
297
67
575
374
602
639
291
106
597
277
71
528
211
306
236
27
314
861
512
994
319
344
93
287
492
580
241
589
594
532
872
608
168
997
312
656
701
988
115
446
131
64
2
322
405
162
775
884
762
739
828
729
698
149
730
168
56
308
485
182
561
102
478
407
892
736
281
478
586
739
377
455
632
24
200
339
699
720
675
267
195
207
668
1
595
569
266
819
383
69
207
73
727
249
145
578
468
406
83
785
473
742
260
614
84
164
297
338
468
347
790
571
236
889
586
41
505
684
956
664
625
294
73
391
365
421
720
768
841
903
991
98
65
772
326
291
342
804
524
353
809
803
194
771
382
721
501
123
413
199
272
479
878
959
113
304
3
763
266
51
362
201
803
135
90
534
190
437
206
576
180
382
681
848
406
194
769
416
397
949
790
817
134
927
341
585
193
412
888
811
297
81
720
518
921
120
606
659
612
662
814
889
158
931
461
99
161
825
708
533
323
728
205
867
678
794
390
3
471
355
132
563
4
99
546
222
344
15
618
475
336
156
11
766
955
6
388
404
949
232
384
409
229
940
178
140
24
214
42
589
477
740
569
181
99
769
881
151
903
50
465
702
91
0
984
472
363
816
423
769
401
103
924
458
60
33
556
588
972
444
953
568
106
448
284
520
206
571
869
227
264
658
737
293
747
394
627
349
310
376
318
364
901
781
793
339
200
959
676
859
539
92
954
402
246
792
696
597
933
408
365
449
154
775
514
591
465
890
940
56
21
136
848
820
281
660
398
857
26
405
433
762
955
421
750
406
992
889
939
891
872
1
794
594
437
841
205
868
85
927
332
790
318
46
813
929
589
322
20
294
48
796
444
32
901
49
452
201
898
830
709
274
759
726
59
749
505
32
474
93
128
762
851
65
859
99
271
180
90
400
883
777
612
293
884
637
810
174
813
189
723
438
727
314
618
775
401
546
118
27
240
161
864
76
720
704
666
719
835
220
494
718
778
978
892
325
722
402
24
653
993
81
219
504
433
508
385
764
3
465
636
476
448
896
783
666
804
307
293
602
612
626
730
147
977
114
898
63
646
614
873
694
791
902
275
629
130
279
213
893
154
227
483
529
601
51
283
383
838
554
658
411
728
668
942
449
90
711
468
874
671
257
667
624
183
218
609
77
307
747
468
249
85
399
147
843
692
305
286
34
735
438
283
851
871
317
723
270
434
380
44
165
533
476
864
893
250
679
6
688
779
425
504
505
901
862
20
809
736
266
391
706
46
727
519
827
218
162
647
379
668
502
129
81
530
342
439
299
248
709
618
965
387
288
583
989
578
502
255
21
542
471
645
680
964
499
246
745
737
28
972
360
621
7
595
734
979
855
584
299
72
43
894
454
690
240
491
613
571
826
138
645
174
919
82
284
857
916
16
517
651
900
704
989
536
134
378
740
459
711
635
165
27
729
648
665
345
578
154
944
137
575
23
282
487
234
181
38
196
913
677
257
209
690
765
321
523
972
246
218
336
767
983
825
56
359
762
615
728
597
790
368
11
343
860
268
594
736
406
510
398
739
141
883
218
236
826
373
638
616
567
257
234
574
630
558
512
838
714
824
774
449
758
691
34
32
435
211
630
978
133
923
750
953
688
749
975
308
239
442
275
474
541
218
802
845
632
997
387
381
586
547
139
751
402
538
453
325
826
222
292
599
26
854
181
659
430
245
799
137
339
13
767
266
200
427
712
755
187
431
312
516
753
242
577
814
49
421
157
443
19
615
227
8
125
767
794
41
543
731
35
812
680
393
93
257
408
716
195
872
480
730
328
779
726
403
557
342
709
740
210
460
61
204
180
236
991
710
334
60
571
537
587
188
493
541
98
790
862
655
203
460
679
886
114
555
547
31
346
503
373
478
779
992
296
846
382
11
862
619
184
219
123
30
78
977
994
232
345
985
624
314
482
480
864
781
295
539
391
558
230
858
713
508
745
429
436
293
322
989
963
317
137
638
405
313
925
355
848
899
728
275
55
735
797
283
636
877
62
436
498
223
753
198
618
286
323
477
792
409
48
523
967
446
857
678
691
923
103
195
933
862
551
171
884
228
711
685
737
64
88
29
940
468
20
940
494
460
138
919
742
185
631
124
760
532
183
10
851
972
309
760
114
489
527
961
901
73
38
663
433
508
612
950
389
467
855
962
126
958
525
84
262
422
632
232
912
528
364
154
591
3
30
779
167
572
544
478
500
56
618
888
898
105
355
303
581
437
177
306
586
364
621
74
622
424
402
984
509
897
751
407
981
834
547
602
389
254
593
401
136
464
316
192
62
497
373
41
620
794
858
476
323
149
41
611
999
927
318
675
553
297
409
608
855
15
396
351
986
800
843
418
864
784
788
104
68
50
897
195
675
458
332
366
839
138
274
655
97
475
547
297
27
734
738
677
484
603
136
2
151
827
333
66
110
545
409
311
203
182
568
806
512
85
53
570
16
971
680
245
221
43
746
771
362
338
312
79
364
86
351
225
525
836
48
656
57
11
884
965
45
195
129
760
196
834
733
376
252
248
794
501
41
881
131
943
976
587
118
52
663
528
650
390
731
686
307
812
561
878
172
611
849
514
37
187
928
370
645
694
629
616
793
551
526
507
405
824
964
81
778
455
613
193
665
793
304
352
143
702
238
185
258
256
551
450
851
599
738
557
12
670
210
613
260
604
245
874
65
651
406
542
557
381
742
80
52
888
70
929
460
575
608
870
382
532
375
365
772
746
188
531
924
376
738
893
188
947
596
206
630
522
830
808
358
544
714
694
257
829
996
634
33
454
719
675
343
839
153
809
944
230
508
932
418
42
943
1
904
108
581
230
645
764
212
609
30
895
25
43
219
463
802
35
815
212
987
313
197
434
541
919
614
427
692
599
96
830
0
529
985
231
31
411
677
634
48
487
524
2
699
335
896
263
120
588
165
960
661
463
257
268
803
951
206
791
867
181
814
595
69
261
807
5
842
182
551
546
979
410
201
442
432
586
576
700
102
868
316
426
819
847
859
989
491
49
554
556
225
990
219
122
990
332
225
126
277
477
882
614
859
932
829
638
681
243
268
870
812
37
675
346
374
384
666
406
70
405
823
33
790
378
216
353
587
463
432
136
898
505
311
342
65
956
47
255
36
28
4
333
66
909
523
305
839
265
527
22
754
938
664
79
185
433
733
931
900
494
795
893
168
441
502
233
886
41
207
339
923
395
607
810
128
653
316
662
788
419
153
38
905
81
59
861
868
978
721
421
881
689
91
260
543
431
374
647
824
100
230
948
60
305
694
948
174
21
613
321
399
742
209
276
937
690
936
323
359
111
924
553
771
128
735
718
151
889
640
176
833
397
980
682
537
917
601
860
436
188
686
267
446
169
687
794
876
741
96
257
312
590
112
54
952
243
16
753
416
504
267
573
615
84
728
219
272
433
758
280
523
684
145
795
3
70
298
808
800
794
747
232
680
520
770
972
793
889
933
935
595
628
16
748
324
432
619
553
787
787
784
410
793
851
771
977
509
851
83
692
703
296
968
127
247
900
485
124
879
507
55
608
774
421
902
80
791
67
205
451
897
116
389
146
288
994
527
197
4
889
801
56
256
48
783
135
165
308
558
717
776
889
894
195
410
242
502
870
831
963
677
994
554
364
542
774
566
929
474
920
55
64
541
899
418
507
322
222
883
750
856
655
198
715
137
432
24
492
344
816
710
753
635
341
238
907
466
48
101
432
87
386
368
992
878
382
63
710
655
206
215
508
729
235
144
552
41
831
198
771
819
77
443
421
88
196
333
393
410
112
579
94
244
377
246
24
645
896
510
820
726
679
43
596
89
752
525
786
109
985
654
183
272
742
958
302
916
39
983
973
181
804
906
628
233
527
753
786
1
225
831
348
352
543
613
766
105
590
471
455
646
261
174
336
838
58
167
854
942
663
4
0
308
662
201
867
984
11
625
868
595
849
778
229
60
248
239
276
201
670
325
720
435
107
608
806
214
969
430
187
559
475
972
866
878
149
32
296
294
13
127
831
867
409
87
448
715
321
296
348
360
230
415
325
597
284
403
440
47
347
91
462
406
356
831
931
4
890
719
454
141
566
121
275
976
8
943
645
125
67
295
248
55
281
749
670
196
326
606
287
82
993
942
31
460
264
357
523
54
436
726
532
677
13
840
767
947
143
976
812
737
869
278
902
549
220
319
970
167
84
99
203
551
634
456
61
337
9
927
9
651
35
269
609
390
707
45
613
987
772
803
596
104
655
188
583
899
609
797
866
855
483
825
708
941
927
623
842
596
407
979
495
515
863
780
350
943
614
630
387
401
17
489
695
489
898
729
458
881
471
839
350
11
229
96
130
68
454
117
316
901
585
555
283
552
25
907
771
176
480
556
866
444
926
80
995
261
148
509
737
598
758
317
230
260
337
288
764
469
497
56
244
862
751
525
950
992
784
210
80
34
57
384
98
237
473
537
433
964
968
432
130
410
583
783
274
401
904
609
875
472
496
545
42
188
121
595
807
323
869
2
997
637
247
737
866
315
332
573
601
781
531
234
318
934
985
310
762
107
264
99
0
196
817
137
478
2
991
67
440
826
934
809
201
976
428
70
692
848
103
115
979
768
23
19
485
810
469
112
701
225
140
934
176
250
526
599
440
366
738
543
863
36
261
608
189
756
55
209
598
185
776
770
94
926
707
724
15
237
929
391
612
476
489
819
646
802
382
146
167
680
514
526
901
746
130
824
346
480
665
809
577
240
345
364
667
127
391
811
867
672
959
97
207
756
121
824
153
507
2
748
556
289
781
48
810
76
211
631
405
901
801
822
661
717
658
704
2
882
196
417
435
291
79
328
14
600
387
318
480
581
537
284
319
640
549
741
886
97
874
351
225
338
623
336
546
575
25
278
987
880
17
207
845
901
735
698
984
649
183
574
844
729
459
618
56
127
137
69
625
978
647
55
549
56
764
735
271
31
456
326
702
681
598
211
498
726
305
737
887
790
950
390
733
447
777
62
22
243
178
632
562
838
984
566
704
727
6
3
6
861
118
768
274
20
228
991
298
319
860
956
377
944
975
168
603
254
585
680
291
199
846
790
434
126
575
86
675
358
840
492
29
560
108
740
489
737
202
777
580
256
865
83
231
510
554
139
181
463
214
680
821
536
632
271
481
314
195
334
30
438
903
314
749
720
448
594
481
617
200
331
722
368
15
61
577
761
832
670
933
105
149
22
925
209
333
171
215
593
157
710
457
790
309
21
150
886
860
130
275
84
143
244
602
280
398
284
431
609
191
123
57
773
576
650
571
112
527
114
348
483
860
598
531
183
785
389
183
930
224
132
711
433
30
476
301
103
31
823
160
373
402
529
490
851
838
653
775
477
637
861
95
761
936
598
414
720
67
867
770
211
347
65
820
137
405
819
171
278
392
38
253
782
238
216
904
210
975
405
744
249
95
466
177
459
177
990
688
218
972
197
333
882
501
143
684
307
892
129
532
733
355
434
318
203
21
344
10
514
956
659
271
708
414
355
51
400
72
270
754
133
627
957
569
119
350
495
37
696
892
862
975
651
720
497
83
645
150
441
186
916
908
224
501
77
417
14
906
201
268
686
132
24
936
89
374
585
23
2
968
695
884
306
829
544
518
932
628
755
106
331
614
664
423
282
463
453
704
533
209
197
342
399
997
395
652
603
916
40
271
990
453
641
125
581
623
645
405
659
689
358
840
438
447
957
486
539
312
339
724
830
855
285
564
783
343
623
534
338
98
197
78
5
819
742
182
407
690
978
733
279
817
685
456
554
573
556
776
378
551
416
700
659
547
153
904
967
816
260
654
733
793
328
589
270
980
309
703
336
569
358
783
374
453
305
530
232
384
245
669
630
803
699
400
603
190
208
954
760
649
962
933
294
145
960
642
992
38
367
112
985
531
858
298
746
925
498
23
462
775
295
702
649
581
149
672
846
192
186
536
416
498
327
65
124
34
414
240
133
146
579
914
336
119
573
646
641
145
415
598
229
844
74
106
930
749
134
141
404
465
313
868
945
67
830
525
927
76
33
540
28
112
714
388
438
614
856
428
525
680
617
839
654
957
135
505
489
755
125
279
357
888
834
398
266
483
349
862
471
623
650
704
533
96
251
126
940
264
387
867
845
916
303
35
919
219
358
755
486
239
539
564
153
847
792
196
50
691
172
478
124
530
424
747
952
377
7
801
320
589
797
651
960
891
314
857
810
5
646
337
833
120
663
558
72
228
480
32
651
292
693
244
318
158
468
382
805
357
974
860
124
77
815
164
216
998
897
217
709
125
160
730
426
279
426
132
690
656
989
369
172
4
13
649
853
67
758
552
292
554
319
63
263
719
120
183
940
517
709
108
298
425
83
271
841
876
931
702
487
723
429
832
861
363
110
955
593
857
221
825
133
841
315
251
712
12
721
948
140
544
46
369
624
491
392
526
334
495
155
461
703
293
400
740
254
99
64
740
235
327
578
697
193
977
409
503
817
420
881
89
40
366
843
312
567
105
319
458
450
72
17
216
483
965
64
341
799
986
435
892
841
319
572
129
854
76
921
283
449
143
121
704
848
88
213
865
71
859
119
256
875
894
774
784
497
844
602
43
928
457
118
609
5
871
740
240
413
368
349
63
384
189
752
48
452
166
371
733
680
547
304
970
282
139
858
59
555
466
688
719
753
64
185
101
989
528
873
78
151
207
827
628
926
462
879
305
724
480
478
699
538
696
484
879
560
333
876
947
527
711
322
864
371
711
349
192
51
338
788
388
330
831
131
305
747
673
326
356
217
726
565
324
853
873
680
959
811
893
541
735
351
587
456
742
92
422
730
480
581
317
93
73
128
528
446
271
119
271
244
8
1
256
305
247
433
79
783
43
589
818
972
184
98
446
137
938
677
340
319
343
573
520
115
733
703
548
364
709
842
904
274
998
293
5
313
652
150
586
166
730
893
766
234
669
367
71
133
803
871
963
53
541
314
436
278
129
201
185
580
347
853
28
79
452
294
798
542
499
12
169
464
476
474
975
726
574
896
983
773
82
328
673
203
536
691
826
960
716
677
393
503
297
918
530
884
500
954
579
888
365
324
342
867
201
766
575
25
900
716
510
641
213
226
974
522
178
962
951
630
878
707
706
644
376
870
340
168
126
139
876
118
833
452
815
55
522
416
44
115
886
995
644
576
798
651
956
561
322
910
46
483
927
779
317
924
551
910
584
132
312
160
872
945
799
902
109
269
678
288
750
619
852
429
416
979
364
445
130
121
673
455
614
501
104
597
1
902
494
532
895
840
900
848
873
648
240
8
944
237
910
694
415
34
430
82
828
273
904
359
55
570
710
581
358
692
576
849
656
315
262
834
176
75
497
717
997
988
371
636
544
246
849
162
109
799
565
850
382
603
801
664
716
219
689
872
255
89
672
439
832
539
454
279
533
878
800
958
789
596
560
552
637
305
287
204
794
995
976
229
855
672
135
546
449
21
482
208
17
748
719
951
898
821
678
858
341
384
736
283
145
209
648
822
150
749
480
780
316
805
696
11
687
745
915
172
174
567
738
606
860
212
133
185
110
585
622
469
711
914
161
84
545
507
322
877
52
171
613
530
340
358
835
125
125
38
76
926
234
858
648
376
968
121
562
925
612
896
823
535
492
115
859
201
124
577
46
445
47
419
261
847
953
422
283
793
155
94
250
640
791
533
484
967
28
69
351
171
132
458
289
80
36
660
775
458
371
379
132
621
807
900
233
801
293
404
8
840
727
946
461
594
659
873
527
356
233
741
467
68
285
383
410
496
894
476
548
127
662
283
133
567
508
742
495
217
686
120
520
923
298
417
198
52
239
102
672
885
975
12
110
814
272
189
820
703
428
516
515
464
189
294
984
42
61
635
177
832
277
259
109
296
60
356
876
495
819
11
591
964
454
848
105
755
485
271
766
525
428
756
635
637
800
63
94
407
883
288
103
132
98
685
911
49
477
866
71
849
38
872
733
903
70
705
275
217
596
195
737
82
727
731
100
335
463
948
486
548
126
440
23
287
533
669
836
333
444
612
288
491
426
62
393
240
958
600
836
746
933
169
835
558
125
930
262
156
265
109
960
26
446
80
387
679
853
356
646
667
667
977
494
782
629
133
179
950
760
269
397
565
711
275
406
273
926
168
170
454
879
419
396
161
235
227
266
446
684
530
573
637
48
674
50
296
880
972
940
769
618
7
333
417
500
534
178
612
634
518
799
491
633
158
451
409
853
455
501
867
536
918
999
658
996
671
778
523
67
948
907
569
645
367
108
192
450
77
118
789
560
75
749
53
439
941
324
523
163
60
19
742
738
352
782
514
423
423
896
469
894
533
552
285
992
692
187
529
601
973
506
853
217
728
389
834
328
865
831
621
302
668
748
783
42
73
393
285
208
947
315
824
488
606
195
455
477
351
424
284
419
401
470
453
621
853
942
516
758
593
29
889
374
852
777
454
551
497
313
651
505
282
876
259
562
919
933
910
722
200
606
993
879
711
379
299
292
617
864
226
463
502
53
109
219
54
584
899
723
911
868
892
664
725
882
358
717
937
941
387
88
422
978
176
916
895
983
241
949
980
3
76
372
839
119
667
180
898
116
14
132
244
397
120
78
132
261
224
135
692
940
380
135
153
182
801
515
354
509
886
354
624
672
857
461
493
684
474
107
104
10
839
243
599
81
279
107
310
406
643
656
695
424
290
695
394
553
52
84
128
794
746
465
322
574
115
898
760
819
114
278
110
68
702
104
953
882
378
846
163
867
614
706
795
508
813
104
329
355
98
615
896
456
628
51
573
110
305
666
575
140
930
318
687
249
75
650
226
839
791
897
316
895
585
363
248
541
246
665
469
13
249
987
979
422
710
544
895
143
867
638
50
39
636
747
553
209
183
707
905
768
727
594
721
431
756
524
253
493
947
419
351
182
874
898
640
933
695
416
368
393
226
270
171
221
775
124
525
301
464
913
726
798
691
10
49
277
472
741
346
571
646
446
998
911
718
234
16
4
959
874
329
580
484
442
559
237
491
747
138
36
272
565
227
136
89
489
533
768
595
918
8
599
133
258
995
174
43
700
115
731
870
96
602
49
194
850
785
880
992
414
488
622
477
311
421
766
627
343
660
96
670
847
591
410
802
407
414
877
27
888
120
522
468
528
106
143
660
78
751
789
86
126
161
660
865
687
663
217
72
619
711
382
226
135
622
682
875
412
886
852
596
974
391
562
322
355
714
294
635
597
73
148
646
923
299
749
970
813
246
864
559
103
686
977
237
584
734
338
642
531
300
161
128
325
857
882
598
728
857
703
549
464
704
453
678
813
302
577
10
928
109
627
826
617
680
857
896
808
502
679
758
522
567
958
678
590
694
523
65
73
992
193
356
855
308
977
719
307
827
601
184
929
58
434
904
186
277
463
76
775
143
251
711
650
624
162
822
841
645
835
556
316
830
516
150
66
884
839
674
887
90
132
140
296
309
830
193
570
319
162
400
879
744
445
53
378
662
318
815
502
631
20
269
818
876
657
781
48
145
167
509
303
794
482
974
397
256
366
157
800
203
714
939
327
802
662
936
980
434
665
595
581
748
518
701
979
658
223
312
571
138
938
330
276
203
819
766
415
160
675
860
878
588
880
983
214
989
685
344
158
179
371
617
277
426
383
717
935
191
286
254
289
88
903
999
797
71
312
44
728
695
700
198
74
383
275
499
757
80
2
861
890
698
300
249
840
580
449
244
558
819
311
801
211
394
358
286
60
939
752
320
526
173
161
131
861
63
747
207
60
796
717
903
886
511
709
844
172
456
92
577
223
375
993
664
233
561
216
22
527
378
396
786
890
546
858
755
751
354
305
275
275
728
15
182
594
233
317
736
762
943
998
542
276
715
652
235
139
269
628
334
167
978
659
618
20
708
368
463
455
240
115
319
513
109
551
547
968
201
773
406
754
408
937
866
331
487
840
354
760
69
826
256
148
587
653
904
700
894
114
477
191
499
812
171
168
346
365
676
694
6
883
622
875
20
684
573
204
593
270
845
353
457
587
347
678
614
650
789
369
278
296
158
677
696
185
647
54
488
738
314
198
337
153
65
743
890
864
519
753
964
45
980
526
267
997
303
165
187
619
23
820
677
659
627
138
121
956
475
340
686
565
38
174
601
15
629
324
307
644
160
801
550
502
15
239
40
227
116
288
761
223
648
198
778
26
906
998
390
308
135
546
574
750
22
750
231
59
428
475
894
968
552
907
96
135
119
108
427
450
378
697
513
750
614
301
214
765
317
953
375
49
555
79
117
278
44
864
451
343
556
404
988
860
47
904
369
139
978
333
250
924
513
310
714
721
859
281
720
557
547
434
435
452
648
469
461
676
943
883
508
315
23
670
29
425
365
824
857
95
961
1
205
216
777
16
821
815
765
108
441
857
811
379
258
716
468
826
390
784
390
982
138
885
355
491
864
6
826
203
146
285
117
17
397
438
563
438
385
640
702
708
464
969
231
690
789
737
129
919
559
219
427
538
174
127
994
433
750
563
279
616
538
684
780
477
106
247
253
474
215
500
485
290
446
974
222
776
228
268
117
868
337
212
621
663
632
40
363
649
582
65
706
73
897
196
432
293
715
610
904
986
607
92
610
486
523
263
568
548
798
596
442
145
428
235
444
741
623
321
102
715
897
327
156
84
576
886
536
264
785
575
869
343
416
344
93
280
934
540
581
888
516
97
22
109
479
608
664
355
748
825
531
23
174
174
46
434
486
744
771
312
515
199
562
881
522
806
630
8
791
285
709
946
421
148
531
241
10
428
649
130
631
336
954
620
230
44
87
107
796
229
35
939
514
385
305
744
295
264
365
893
688
827
232
844
578
748
320
374
182
102
63
659
919
871
659
140
825
851
822
126
930
954
903
74
261
813
945
740
428
661
658
744
782
501
494
436
770
593
493
458
331
119
474
36
820
532
846
101
590
658
933
717
871
929
703
461
181
244
929
948
340
101
621
793
412
260
207
850
646
844
66
565
664
742
747
557
264
193
467
376
797
234
627
374
92
161
443
964
570
213
307
953
5
617
510
88
856
294
380
184
806
51
39
889
334
547
576
328
968
350
154
492
432
730
247
562
624
51
347
870
595
336
190
75
655
472
101
565
194
877
619
37
409
465
628
972
829
654
26
651
446
962
524
795
44
74
435
249
220
158
623
516
368
774
290
370
547
555
83
279
523
593
133
512
104
491
265
247
579
32
690
568
466
381
639
283
132
971
430
907
728
274
159
894
875
461
151
630
961
216
662
640
739
336
731
914
866
235
62
266
891
888
294
389
820
423
780
542
62
739
840
207
947
47
827
116
737
952
917
918
968
201
191
174
681
548
747
819
160
728
883
933
475
278
400
163
323
297
676
810
146
709
33
630
5
894
947
110
293
804
796
499
129
486
775
66
830
445
655
307
473
698
504
504
220
571
398
905
815
210
38
143
801
518
49
856
520
854
288
996
677
891
828
677
331
669
733
548
73
857
990
193
550
266
222
890
117
142
978
137
929
458
793
23
83
888
457
533
129
127
136
709
505
396
421
188
415
584
64
43
171
626
655
494
462
15
243
589
567
983
963
649
785
106
783
745
759
546
191
117
803
914
157
74
730
583
47
576
780
455
754
256
827
136
84
35
2
689
761
983
145
94
9
666
294
72
599
28
933
300
252
496
691
38
533
267
16
957
11
584
387
432
234
620
618
385
612
70
754
961
414
576
532
788
835
220
161
743
816
641
887
39
473
597
44
19
898
352
898
637
215
694
148
901
920
309
224
615
103
895
93
198
828
458
119
689
995
543
577
428
388
776
539
426
284
549
596
538
330
744
17
519
397
656
534
101
675
227
572
913
21
776
884
696
74
140
635
499
408
370
295
137
322
976
449
437
487
752
875
506
127
981
724
812
123
727
809
737
45
560
391
144
966
711
550
912
903
181
984
164
290
407
786
37
538
371
354
825
640
574
434
227
568
717
244
35
27
827
495
976
325
682
120
250
530
973
772
765
589
798
709
11
993
164
851
457
172
279
629
957
209
655
313
166
613
961
440
484
875
219
365
610
28
787
304
954
977
35
486
799
315
95
531
608
398
818
546
188
808
301
756
441
952
602
111
18
205
609
353
536
733
833
990
127
576
185
198
53
635
406
419
558
249
760
273
604
751
585
950
182
15
693
692
502
231
528
453
871
738
677
127
110
264
635
192
712
146
77
395
125
361
801
91
443
775
832
704
726
901
416
400
87
575
367
967
371
5
281
218
741
283
532
617
206
964
562
355
476
130
14
894
361
681
202
511
621
957
777
927
943
761
1
23
480
953
515
821
824
530
445
311
341
200
663
15
833
929
54
120
691
601
438
872
425
420
563
711
581
379
873
527
837
73
762
204
96
597
288
597
21
198
108
428
310
994
910
691
614
319
518
615
326
613
139
145
598
467
338
50
346
1
57
423
538
182
628
886
599
172
655
48
827
465
861
520
217
919
769
418
413
894
636
295
508
903
262
400
935
844
720
841
796
71
81
713
182
265
495
502
886
20
936
334
489
851
266
563
324
144
88
847
174
246
822
337
597
728
839
502
804
105
172
955
275
518
120
130
287
329
298
508
708
239
875
790
496
244
385
558
521
357
299
32
922
799
229
12
42
254
22
722
118
937
592
289
56
484
168
52
847
213
407
919
49
372
264
320
951
596
251
529
696
159
257
205
456
809
977
545
826
867
314
205
636
91
450
763
570
794
639
31
469
591
996
471
286
642
318
310
734
459
704
59
359
900
867
471
656
900
994
719
21
166
109
735
358
153
115
552
713
793
766
722
770
502
674
462
26
259
607
13
501
218
479
685
488
846
225
342
643
761
639
575
932
735
381
271
132
306
531
624
774
967
669
494
981
50
321
209
269
646
281
559
525
855
889
271
987
779
11
201
688
374
777
177
790
69
763
181
119
566
842
205
736
94
588
283
574
171
553
291
175
211
685
20
85
652
447
936
150
397
488
609
304
628
545
148
755
186
471
170
486
13
928
308
511
93
114
504
102
633
257
74
137
506
674
572
773
255
167
56
275
379
578
533
545
708
508
601
611
13
608
190
250
95
172
976
708
867
496
909
427
804
987
414
938
603
834
566
262
146
569
336
514
620
319
46
85
397
813
903
911
462
632
992
202
324
231
735
94
538
31
195
728
116
637
496
59
254
27
994
999
635
375
200
481
698
872
931
835
310
267
751
830
893
885
273
982
580
193
441
365
441
973
162
954
137
0
224
139
195
774
489
744
636
111
863
490
940
213
309
556
665
717
560
241
651
296
136
470
271
186
439
913
592
90
785
139
195
444
61
514
610
715
859
802
356
971
798
476
354
510
476
551
205
980
307
943
526
217
326
163
942
306
97
59
527
112
449
90
522
0
727
984
899
842
783
323
139
953
36
144
932
978
903
900
346
376
223
664
759
47
459
564
199
920
574
514
926
581
409
231
415
278
736
438
142
34
350
470
392
26
98
284
346
490
166
300
31
729
565
292
574
612
94
25
251
830
518
991
221
930
98
459
232
548
85
299
940
525
287
480
589
893
63
923
252
806
483
686
806
63
381
948
876
550
895
675
371
642
907
57
292
175
820
517
703
355
569
79
803
897
499
371
569
764
501
10
522
502
779
842
46
441
206
143
551
926
703
185
197
933
434
744
236
988
286
229
850
515
770
291
229
391
994
774
236
813
769
891
477
274
89
328
727
897
137
549
473
388
766
307
435
14
590
548
595
161
617
428
603
275
528
838
160
63
955
794
863
489
485
909
651
10
83
785
658
197
525
71
424
936
436
106
620
167
421
590
898
69
804
25
881
693
708
552
526
161
974
381
16
976
57
496
29
109
841
396
477
382
979
4
174
226
7
653
119
478
927
917
122
210
784
708
43
23
198
962
166
212
284
570
632
194
916
853
348
164
620
890
889
691
434
340
938
729
650
636
670
468
205
577
457
734
596
782
443
26
909
523
207
937
989
166
711
798
519
35
486
351
780
305
966
406
779
232
684
110
939
752
72
929
71
707
777
377
689
789
568
198
778
619
155
104
368
755
854
950
809
98
845
734
624
995
613
237
230
294
291
81
858
8
957
389
132
442
704
997
686
356
738
539
764
795
33
673
110
536
491
544
59
955
272
728
561
624
564
705
258
537
393
10
264
492
789
344
789
542
80
569
852
416
105
17
84
289
545
652
774
717
120
213
797
517
294
103
174
630
621
530
592
430
533
849
189
836
632
329
929
768
656
188
555
683
421
871
282
808
147
704
97
587
603
93
38
320
425
49
688
535
950
936
519
839
239
205
304
449
382
849
233
735
167
839
106
484
966
78
85
909
439
615
919
977
638
55
359
133
160
807
966
635
785
882
816
859
791
39
922
586
535
376
172
291
103
322
458
388
692
582
85
386
309
519
255
263
983
477
591
578
907
505
49
72
725
834
50
443
614
663
994
280
883
422
707
444
95
93
970
809
79
367
363
726
21
673
298
133
768
469
127
282
826
695
617
768
897
222
582
541
650
509
417
873
587
699
590
363
295
727
107
173
440
80
487
273
896
453
111
124
416
112
78
26
757
208
453
954
335
519
723
267
988
665
423
255
405
422
828
679
999
386
276
752
221
947
584
604
628
586
631
244
487
758
349
756
524
301
53
407
598
397
650
125
236
34
187
162
627
80
758
185
791
884
526
592
400
158
575
758
434
458
969
115
69
727
635
111
167
582
19
446
614
31
259
849
451
410
758
568
443
362
435
600
167
390
312
591
87
338
867
864
443
35
414
907
618
378
657
659
406
11
124
7
375
103
237
337
135
703
359
299
343
225
172
108
840
424
427
653
692
455
893
48
301
638
589
563
958
504
623
897
945
204
787
266
9
491
529
877
242
946
86
491
645
600
376
517
736
393
143
992
221
373
645
600
802
11
63
643
673
938
300
248
937
593
62
480
172
116
102
523
242
290
445
286
39
918
176
100
0
59
603
674
516
763
834
504
256
713
812
180
483
710
945
65
516
33
645
448
121
634
485
653
985
473
346
678
507
346
955
56
993
68
56
235
784
266
733
366
889
426
147
589
709
124
141
394
499
197
409
51
478
669
694
411
838
653
341
970
403
325
195
513
753
421
461
593
528
258
637
796
444
252
93
527
965
222
425
445
455
645
866
175
396
116
767
331
616
39
623
707
142
263
93
760
74
470
651
446
854
619
867
793
809
344
313
496
236
778
428
354
95
57
167
326
932
73
539
647
353
31
792
48
508
536
875
316
194
455
98
801
697
965
230
518
623
742
576
546
803
73
271
719
418
464
105
16
668
674
864
982
528
845
87
465
581
792
557
557
35
735
913
675
593
416
95
130
976
374
593
269
312
355
562
766
338
324
647
67
326
256
87
193
837
585
924
671
809
182
410
92
268
792
152
467
142
59
853
645
171
519
949
799
13
144
4
182
750
603
634
385
152
427
111
759
192
938
825
992
936
595
499
456
245
688
208
49
544
255
385
775
960
579
404
890
680
696
22
352
229
998
313
650
532
298
97
160
953
17
251
534
842
351
144
577
69
912
185
677
832
564
899
465
848
304
589
766
763
234
831
51
337
253
341
852
912
414
996
732
464
750
773
713
472
114
688
615
758
999
290
616
636
586
322
514
249
335
776
265
701
255
671
519
617
0
14
297
574
128
17
276
750
721
901
256
832
212
35
355
311
911
140
673
653
657
375
955
564
431
951
237
838
224
576
389
293
222
267
832
165
990
392
55
817
866
251
435
299
12
810
580
712
190
526
504
179
544
337
978
641
938
895
377
813
874
296
755
269
560
444
386
861
824
376
189
122
704
384
66
314
315
197
163
857
269
577
774
343
592
441
705
545
854
643
926
404
144
143
108
506
238
531
662
974
424
17
31
106
181
964
278
915
729
635
743
395
700
133
994
335
577
14
184
90
301
793
899
146
241
222
933
570
600
685
908
648
85
852
92
887
823
598
46
744
830
589
584
652
619
905
452
485
315
105
389
470
445
889
392
479
108
893
808
550
110
941
988
323
838
745
581
803
279
231
586
735
930
546
646
941
818
14
749
415
54
322
762
395
414
116
813
908
194
3
308
982
352
969
239
575
220
511
864
940
85
518
195
194
309
555
586
23
672
451
796
351
849
760
135
563
154
298
347
999
683
961
401
851
29
617
380
44
503
295
7
300
592
988
480
488
54
616
219
640
215
384
281
348
190
75
498
812
728
434
257
689
959
966
752
123
966
606
372
435
926
497
1
98
345
808
593
584
454
56
521
449
293
623
741
294
603
412
845
968
319
860
352
978
981
939
952
984
339
600
21
818
771
540
231
533
937
555
766
284
765
460
701
627
179
614
487
677
585
707
23
606
232
626
982
467
375
127
521
528
444
830
913
330
516
872
80
255
614
213
8
755
283
435
358
29
960
981
911
48
367
455
881
214
659
881
349
586
35
267
908
373
232
9
712
244
914
198
324
127
744
637
870
925
271
381
20
958
382
453
413
561
687
337
122
264
375
492
893
601
362
119
488
46
705
720
624
822
453
782
132
461
281
92
753
626
499
188
680
704
771
702
242
968
551
897
682
676
510
889
668
606
492
2
333
58
285
420
403
770
821
143
670
553
63
785
832
754
701
534
721
770
112
503
421
83
400
398
658
586
382
448
740
299
528
188
675
907
981
972
113
783
514
58
732
147
52
493
827
269
886
123
223
572
973
344
823
555
946
896
840
346
360
954
252
439
616
815
675
768
689
185
128
228
227
862
342
435
94
703
306
268
30
684
194
582
810
283
326
632
637
705
414
524
700
295
661
153
98
968
421
265
425
435
370
3
929
612
147
594
86
776
78
141
381
969
571
111
662
86
125
162
961
694
796
136
778
302
430
635
823
530
231
6
788
577
70
835
788
692
259
246
883
479
566
113
386
753
985
298
995
393
257
290
301
225
793
415
90
680
407
908
375
939
515
583
35
571
773
588
244
973
950
464
623
453
738
545
766
68
461
652
87
485
4
526
618
450
141
807
483
540
913
828
609
587
448
500
774
19
798
422
241
887
957
73
632
282
571
555
745
508
486
206
107
817
493
216
840
777
40
210
694
403
115
387
583
731
62
245
733
462
545
329
922
587
407
807
287
653
656
169
515
918
708
904
575
718
396
534
863
173
83
734
811
893
725
337
623
811
622
523
224
783
726
437
704
553
892
156
388
199
593
705
4
637
239
442
666
692
930
722
87
326
557
477
810
113
535
566
794
594
319
252
983
804
830
634
508
984
629
286
551
887
295
317
643
559
816
965
142
346
389
386
951
253
446
445
251
967
114
794
896
105
738
33
97
757
424
712
219
409
65
119
583
166
521
60
602
372
406
63
881
233
848
968
561
690
359
400
349
608
573
574
233
391
157
219
471
211
621
991
464
844
576
718
574
51
39
213
319
253
369
546
116
776
456
971
59
700
670
549
138
988
872
752
77
293
554
840
201
446
75
696
138
328
699
666
34
503
930
498
203
402
762
436
503
576
143
267
558
836
846
315
304
306
980
81
971
906
833
146
431
613
524
577
104
693
129
229
828
122
353
162
630
578
568
975
514
337
916
24
209
673
348
572
424
563
944
610
196
583
56
600
728
273
480
988
963
28
794
654
172
147
476
285
15
262
467
849
972
706
96
546
598
812
34
175
121
239
124
217
232
235
217
649
14
625
533
647
355
981
14
637
937
995
83
83
744
493
532
732
895
203
10
665
579
412
687
660
445
149
425
152
367
32
771
655
791
510
821
36
352
151
806
322
581
185
199
300
167
336
297
207
345
757
602
581
513
354
556
779
794
53
294
957
321
395
567
961
220
943
24
73
297
235
113
605
910
182
463
816
445
110
229
146
275
168
56
94
960
310
280
804
689
352
491
546
621
542
916
895
813
45
132
440
40
648
40
294
157
553
756
40
402
160
181
797
524
179
173
68
520
511
427
616
2
86
89
894
228
481
522
233
202
648
987
416
627
135
385
181
370
811
340
282
669
622
243
928
750
175
528
968
993
910
797
149
493
166
471
809
374
708
785
431
138
919
132
113
147
392
646
507
485
572
953
383
312
655
126
755
799
643
241
320
218
250
815
484
506
449
797
235
27
277
802
929
726
202
32
779
424
978
711
262
557
395
947
320
201
908
543
942
568
16
513
253
236
68
832
454
808
430
308
875
891
967
828
151
190
251
622
422
713
869
163
351
995
944
680
595
409
820
60
369
841
598
319
728
592
155
200
337
984
710
786
339
405
880
816
201
410
687
918
954
848
675
50
663
95
60
130
850
512
392
480
132
58
868
947
303
331
328
360
862
738
600
329
763
51
376
109
399
82
81
249
815
91
185
44
532
505
223
513
787
54
343
760
775
475
179
534
372
472
427
751
510
430
285
577
417
971
73
283
514
790
335
253
581
979
522
50
48
225
320
123
944
618
954
790
827
467
290
455
390
69
315
437
136
4
821
481
638
886
608
74
832
469
297
348
124
