784
827
594
442
679
112
338
224
990
761
617
262
68
369
934
412
612
880
715
419
523
439
305
594
179
184
611
18
480
456
30
684
282
967
671
697
338
303
541
58
456
555
289
274
660
226
972
328
627
36
272
417
940
780
89
285
276
254
21
257
463
940
106
566
448
132
198
15
331
700
965
16
577
688
943
733
212
539
416
393
843
716
492
169
791
355
722
312
103
765
288
180
250
284
392
904
300
538
25
43
906
519
849
497
345
769
714
33
347
700
354
159
28
883
455
699
500
853
99
105
790
219
629
866
256
896
552
435
820
122
927
877
663
385
281
197
791
430
130
709
43
438
490
10
381
287
866
943
379
65
196
930
967
144
187
381
251
130
795
496
729
148
609
365
90
98
894
180
685
94
648
816
162
425
305
698
679
400
428
125
556
496
70
649
770
325
498
236
657
440
640
486
18
367
702
267
490
793
862
110
761
906
954
860
385
436
822
807
595
255
470
77
814
986
16
424
73
338
562
390
251
458
383
636
649
92
766
327
592
783
675
715
28
338
595
256
816
423
146
217
375
444
15
687
290
318
946
318
250
782
540
21
393
225
400
12
316
122
57
273
476
323
365
788
230
117
576
172
143
748
692
945
699
742
551
523
8
149
549
154
415
978
287
288
867
885
380
813
989
818
760
745
806
238
275
255
78
995
603
760
173
640
116
69
521
789
190
65
576
310
824
126
646
109
588
799
272
757
555
998
602
260
450
136
670
64
61
109
558
749
539
84
604
510
226
734
295
179
277
82
489
969
315
561
64
312
618
842
865
569
931
433
827
87
168
516
739
208
923
639
620
411
177
960
714
636
303
221
679
829
779
484
597
544
646
779
220
283
553
226
254
690
366
509
610
731
648
942
39
718
374
803
489
804
235
116
440
474
474
104
599
150
896
472
402
249
450
4
476
973
425
437
399
896
259
754
861
114
252
687
248
52
469
555
589
545
899
800
302
585
643
561
719
572
221
855
225
12
206
524
622
358
267
644
148
67
555
760
230
177
340
701
631
839
344
749
616
969
209
405
939
473
563
598
209
87
809
495
42
634
939
459
723
439
734
535
469
794
740
184
635
891
126
690
339
50
912
307
769
973
972
609
649
281
993
825
204
176
108
170
412
323
984
529
347
240
178
711
681
773
152
816
965
550
60
269
878
362
164
980
218
245
620
5
310
794
541
145
111
343
31
871
785
926
453
519
798
344
880
522
225
109
367
745
611
634
749
37
638
330
100
351
865
192
281
634
387
667
823
366
307
651
649
573
495
700
770
579
579
288
583
2
661
314
344
891
703
720
498
580
596
144
336
606
119
551
244
286
536
269
536
55
904
117
962
934
695
540
208
158
4
936
887
397
901
307
515
311
871
871
2
929
384
404
497
992
891
545
28
435
997
304
688
918
286
620
667
825
193
983
46
841
815
407
161
941
280
112
928
587
948
945
189
796
218
120
286
125
831
422
9
304
593
651
597
490
804
225
618
102
149
740
876
738
797
845
396
545
184
467
408
673
574
283
380
877
202
401
720
685
321
224
795
260
806
598
593
603
316
92
370
69
842
164
603
99
702
419
512
336
883
442
858
583
821
559
821
852
791
73
822
184
483
245
155
425
234
306
851
993
412
636
632
710
442
479
442
466
785
553
894
428
538
53
190
703
801
397
459
81
330
832
232
966
171
341
553
902
830
111
91
157
189
993
814
297
931
316
153
753
272
998
549
612
661
421
164
480
593
285
163
372
515
246
830
512
282
89
379
707
665
220
578
493
710
396
19
478
718
251
809
935
657
227
485
432
884
377
85
193
246
661
503
53
162
58
881
60
143
857
419
608
165
18
655
698
545
565
743
654
26
197
24
588
405
735
102
344
190
859
801
724
616
760
438
597
439
420
888
755
356
572
688
53
640
760
443
69
533
243
179
439
505
10
729
120
252
811
961
556
220
440
470
784
991
604
624
226
170
125
667
270
255
114
595
706
291
879
140
964
945
199
214
666
617
650
393
771
134
535
85
724
431
874
566
149
931
706
646
613
762
69
883
411
449
229
10
215
366
447
956
112
862
992
129
80
716
251
570
381
26
474
427
184
932
553
104
731
963
137
783
647
512
627
439
284
978
842
431
677
305
639
715
306
796
671
434
943
272
128
355
86
105
988
329
25
958
509
645
970
888
993
475
662
532
512
855
359
922
980
354
866
364
111
15
937
298
844
267
201
109
695
621
926
820
694
370
781
556
180
59
674
474
92
859
980
894
843
428
406
328
385
666
79
454
89
770
460
122
606
227
780
709
8
86
701
584
0
283
205
197
417
69
252
761
576
998
600
949
917
997
96
517
361
415
525
305
506
667
701
58
382
843
522
367
837
248
347
88
337
198
498
706
170
632
406
989
845
348
505
474
901
714
860
10
701
113
394
835
405
475
315
99
779
802
786
34
515
915
633
219
162
242
306
259
336
790
209
670
92
598
129
62
372
812
500
597
757
433
96
245
232
41
486
509
38
256
844
15
93
206
389
904
187
399
799
152
450
662
798
51
229
595
655
727
546
298
183
806
368
510
717
926
379
453
70
752
582
750
720
966
488
785
48
40
147
654
288
569
688
376
675
885
263
347
643
301
814
492
605
903
703
104
99
856
575
416
451
99
164
291
885
431
263
396
875
491
338
845
836
277
636
141
642
124
154
326
709
274
672
26
830
654
649
439
761
361
724
640
613
256
23
511
493
73
152
792
732
161
777
815
189
701
516
476
97
760
192
165
613
484
562
309
754
565
119
668
438
658
369
688
140
197
192
810
448
909
763
803
549
690
40
793
74
849
192
213
810
520
918
191
99
125
793
364
105
106
584
639
852
83
462
125
680
635
495
677
332
844
113
344
853
149
726
941
435
385
937
425
75
334
135
357
127
43
88
456
444
789
773
822
402
92
597
137
249
18
475
599
482
363
626
332
235
187
692
114
664
21
662
334
326
168
433
381
105
903
37
927
697
328
438
691
472
724
539
379
391
65
5
689
914
613
365
537
425
116
49
97
601
660
225
407
58
959
428
842
657
792
176
203
89
706
586
341
126
445
395
659
555
930
212
289
92
553
267
502
678
824
6
65
838
791
815
649
599
147
993
777
392
616
914
948
445
874
18
333
948
765
747
258
715
803
713
137
465
334
979
316
386
95
722
194
879
255
34
454
877
907
560
156
596
165
299
208
419
57
325
617
666
389
515
535
985
381
451
665
695
157
486
914
469
56
150
516
212
777
426
917
884
153
280
874
775
352
786
273
269
447
820
379
993
69
28
930
771
792
859
231
896
110
948
8
983
501
266
64
541
976
407
751
980
299
634
987
647
209
240
279
81
971
142
195
623
212
790
660
851
971
929
357
394
169
932
854
816
724
837
493
787
283
263
211
821
498
357
16
150
888
932
136
241
63
420
335
701
348
176
20
64
56
604
27
199
662
110
789
920
62
888
387
548
785
461
865
199
406
906
872
434
124
239
70
804
657
574
234
820
355
739
314
81
685
692
383
606
36
635
692
80
283
698
331
177
923
871
57
435
879
600
699
333
79
480
384
818
426
547
17
554
466
134
463
176
3
954
499
286
325
459
756
446
194
876
996
707
257
238
212
751
580
480
497
662
727
80
391
466
10
539
742
393
569
962
393
452
890
478
374
665
751
13
947
467
572
517
54
385
467
481
65
132
374
842
267
453
933
175
250
534
321
775
159
111
904
694
115
613
194
303
705
382
819
602
83
728
698
206
570
674
353
624
128
699
94
77
401
186
449
236
129
101
7
39
415
862
830
979
178
427
266
334
115
525
224
634
756
107
50
623
535
24
298
405
226
170
146
761
985
325
74
912
812
847
683
602
347
85
293
801
448
494
500
427
388
398
480
227
100
318
916
167
405
794
879
662
262
27
834
800
269
14
570
258
860
820
6
761
261
900
891
855
564
14
718
229
4
753
753
376
101
440
786
31
797
95
184
875
916
189
40
119
196
381
743
203
840
829
64
836
84
106
577
478
15
787
481
180
604
94
28
711
519
616
419
198
718
489
29
469
949
567
306
905
638
234
58
82
705
352
753
706
441
257
422
645
63
677
157
978
523
69
713
41
656
824
6
373
176
983
278
739
128
211
985
364
628
133
331
408
414
166
401
739
419
352
620
437
54
381
313
108
794
847
800
45
898
407
316
355
803
801
914
855
837
232
629
728
429
86
730
564
239
879
607
560
498
839
249
413
108
193
487
548
608
274
169
44
404
237
781
897
696
919
810
926
236
878
294
22
162
782
542
808
764
164
477
121
854
918
438
470
655
475
253
602
317
415
515
301
415
90
640
78
110
690
191
938
262
157
308
526
945
891
480
105
118
595
81
93
824
702
507
680
441
489
388
526
737
319
727
185
482
270
567
235
998
752
934
283
698
213
430
775
524
839
304
529
740
278
228
941
207
517
592
754
522
725
476
903
613
944
277
471
933
449
40
192
702
194
970
993
641
22
230
634
107
424
662
560
614
683
997
689
964
212
253
44
728
109
997
573
80
772
221
344
408
899
972
868
800
16
418
274
426
856
706
686
828
736
322
317
573
580
206
79
981
11
97
80
973
99
6
169
506
961
271
396
860
420
547
136
260
739
445
441
773
891
899
308
217
773
172
97
919
104
637
418
76
659
158
259
481
750
528
811
651
353
258
90
552
716
917
427
512
561
644
980
410
599
48
899
802
753
987
68
111
223
347
728
993
346
50
160
18
717
787
178
204
75
367
67
292
20
274
198
614
900
191
20
610
517
435
884
965
411
360
805
74
504
360
898
938
946
278
693
130
954
815
671
317
631
902
70
201
930
777
160
854
386
382
864
492
547
306
479
556
91
539
292
586
813
436
999
977
850
697
18
440
548
76
785
300
44
519
556
174
647
787
818
678
869
401
920
184
427
110
619
118
193
124
386
734
381
375
432
942
361
517
96
653
883
74
737
627
788
530
84
956
668
472
700
232
876
15
6
431
491
639
336
588
261
603
351
615
272
408
84
287
1
600
599
248
711
48
534
233
782
831
623
65
855
200
589
52
918
649
880
448
373
813
616
597
591
47
626
172
382
576
172
398
41
163
302
249
848
439
209
447
162
437
549
103
138
610
293
368
493
311
638
835
71
360
769
241
927
185
524
661
440
583
863
122
897
542
693
760
711
727
50
827
280
485
109
677
44
544
414
878
776
129
553
201
419
511
595
240
229
561
996
346
236
173
886
468
504
657
830
662
778
360
904
560
705
767
495
12
933
880
805
669
391
887
72
465
312
699
455
779
905
143
171
572
467
362
761
603
248
851
246
914
898
289
108
59
683
123
237
571
764
467
117
758
714
952
981
627
14
628
428
433
347
483
817
762
589
829
495
391
425
286
48
788
983
204
557
366
215
48
572
434
795
889
252
855
801
45
773
927
853
202
923
778
860
252
573
580
195
296
656
160
617
776
50
101
10
527
100
984
750
928
847
690
649
234
138
371
924
775
50
758
756
133
604
247
266
476
23
843
939
985
534
631
321
954
940
676
857
419
448
113
182
193
348
273
782
325
496
335
339
635
588
983
717
564
622
503
71
601
857
302
311
89
743
683
17
644
47
489
166
80
34
578
857
236
931
130
250
492
534
13
215
708
35
315
96
680
458
602
993
124
936
629
397
535
387
429
97
485
107
221
711
374
314
202
637
729
701
282
405
797
787
828
6
193
213
473
547
97
79
297
202
196
767
201
887
525
131
371
242
471
31
167
102
740
303
665
532
535
98
299
968
273
512
900
545
177
821
561
95
7
246
35
616
91
259
545
996
457
358
943
274
16
68
935
242
283
737
648
300
568
201
828
489
223
756
742
417
101
729
923
364
266
974
656
69
663
199
893
844
772
781
809
771
353
177
374
171
684
914
686
151
394
34
293
353
457
592
329
188
525
450
216
739
1
72
465
376
193
545
862
846
878
600
487
755
602
191
715
225
516
151
83
508
470
263
199
9
981
883
565
340
129
367
175
42
614
604
925
801
9
897
842
20
151
38
731
700
771
813
198
107
166
259
999
475
300
886
825
39
76
750
747
336
945
808
312
858
935
425
964
360
863
264
772
213
775
112
453
60
683
692
607
355
521
372
291
676
348
383
763
324
990
569
402
855
892
207
220
372
837
880
366
980
859
758
897
105
597
861
491
741
820
580
807
801
900
114
278
647
589
107
686
345
11
275
218
795
11
169
34
134
160
640
684
575
684
202
547
208
506
350
615
862
780
940
741
411
896
134
905
908
729
281
273
645
627
60
44
499
694
945
202
994
15
866
325
505
683
525
57
635
126
362
288
991
748
573
594
218
373
872
115
427
982
307
820
903
61
374
422
527
685
189
949
167
948
741
930
112
321
831
611
96
817
546
135
680
563
454
396
86
395
255
708
388
757
454
632
329
811
222
827
887
384
429
346
165
77
706
530
421
875
94
170
600
443
502
475
161
651
432
726
479
530
771
716
191
813
940
92
498
339
103
424
803
774
138
241
403
187
296
621
208
820
469
5
755
835
389
556
650
322
66
469
926
81
934
564
453
728
85
592
586
381
303
543
483
728
124
26
59
102
232
859
394
443
210
701
770
98
624
786
811
778
253
827
553
625
741
907
468
36
384
140
65
643
134
671
815
239
906
942
676
613
562
829
953
151
286
384
683
305
414
270
60
265
297
7
90
706
987
25
285
555
974
521
7
564
165
529
439
648
109
236
166
786
821
42
470
473
768
496
600
261
688
39
189
455
677
833
95
604
254
895
633
755
863
830
852
855
524
227
139
654
764
5
201
883
874
938
586
593
136
789
759
817
237
822
46
142
745
138
658
103
382
188
454
229
2
708
104
197
594
575
220
376
80
352
125
673
72
422
316
511
280
557
930
252
806
737
392
700
31
600
537
490
236
504
678
688
215
106
563
6
247
541
432
981
137
229
811
964
256
789
963
346
190
410
248
117
931
602
665
395
164
142
790
255
704
372
680
198
968
520
165
202
685
787
976
294
654
364
729
996
361
263
977
644
338
731
913
469
171
697
595
841
491
65
536
924
929
711
284
173
666
758
447
976
594
139
37
27
759
30
952
512
44
765
557
227
533
753
260
332
878
924
52
311
921
915
31
762
384
673
529
454
55
709
471
954
686
653
710
708
758
114
617
529
753
909
119
112
759
483
155
234
894
653
662
124
849
83
827
232
492
571
673
929
823
268
670
798
234
7
842
753
56
744
458
31
959
706
990
898
103
9
61
438
616
412
496
562
1
506
308
840
6
875
187
910
530
411
77
141
997
579
499
465
240
129
813
506
927
89
20
75
365
195
810
714
935
191
73
415
281
127
994
288
934
292
759
60
911
427
19
119
761
672
192
733
531
788
544
410
640
996
968
946
219
450
530
796
296
376
131
436
771
274
933
89
539
379
989
860
574
147
959
835
99
287
880
333
564
17
421
703
411
682
114
6
206
797
718
461
638
46
389
425
116
283
541
651
877
466
765
751
536
715
659
203
845
351
509
161
609
961
275
384
39
940
115
800
817
269
164
685
455
210
247
606
215
267
66
726
29
200
887
450
221
52
246
29
855
184
702
233
578
771
769
350
885
184
681
528
410
441
797
412
731
803
321
786
529
489
589
730
99
765
372
104
924
925
375
698
544
571
835
380
792
447
633
73
796
992
669
741
985
969
841
161
244
457
979
127
469
149
20
118
214
738
450
208
118
878
376
26
49
990
964
627
979
766
962
993
413
172
151
881
719
821
889
885
791
196
733
443
313
832
872
315
991
318
570
609
914
767
336
869
298
316
130
583
738
814
916
286
864
922
952
738
660
742
827
504
198
509
615
903
749
665
722
249
141
474
629
44
65
761
711
50
10
114
51
205
846
994
23
95
372
140
806
225
31
555
681
514
313
43
337
27
642
552
744
816
329
796
505
833
731
571
789
130
929
114
432
576
950
479
107
838
882
650
971
838
161
628
234
75
240
143
828
990
960
246
948
184
779
574
992
720
479
454
226
173
289
275
193
199
643
295
360
201
361
970
77
265
321
874
709
387
106
79
462
786
78
738
941
488
738
791
169
497
749
512
439
979
111
181
935
89
853
9
38
536
570
246
814
473
424
283
92
849
599
53
600
293
549
636
394
906
711
824
491
147
390
92
746
852
214
881
8
991
451
965
230
5
525
622
13
392
21
626
198
902
664
657
819
48
796
325
349
44
993
744
704
704
426
919
300
832
667
814
446
697
949
820
390
735
33
632
722
228
537
748
979
954
733
481
373
635
420
500
373
783
137
87
463
854
984
963
782
694
569
652
495
119
501
77
39
589
158
974
740
846
340
43
450
149
565
743
504
294
356
401
170
738
718
14
640
406
369
503
774
951
38
460
389
825
664
248
762
936
757
575
549
998
437
446
693
134
409
355
899
152
789
116
276
31
873
148
323
751
524
899
158
387
218
229
39
198
873
390
45
880
174
756
844
19
941
974
155
527
536
923
461
155
703
206
291
748
457
273
584
939
802
824
644
986
510
415
340
47
733
942
370
29
848
532
537
367
675
650
117
982
11
217
80
901
25
614
183
483
119
869
175
368
427
957
82
772
642
634
870
764
495
48
888
726
404
847
220
384
336
882
153
588
921
932
323
343
860
61
448
97
67
113
64
791
566
826
846
200
293
895
956
861
581
469
278
285
793
37
6
767
723
550
208
241
843
693
974
320
647
810
487
889
228
804
203
848
492
503
682
303
240
206
374
202
751
508
358
288
224
439
917
332
117
151
594
36
681
355
265
490
771
669
762
194
323
743
224
531
652
837
397
9
210
197
580
538
710
13
703
56
697
780
962
247
901
420
384
39
58
862
948
163
487
62
34
83
631
584
743
720
135
292
399
54
492
966
14
742
570
145
329
645
467
948
365
335
332
477
320
888
159
158
151
541
228
886
200
598
385
985
825
646
668
570
696
910
166
768
100
807
546
374
476
846
814
528
263
5
378
683
139
120
191
580
290
638
66
420
218
281
912
226
980
662
388
457
360
248
31
555
942
306
31
719
824
493
43
567
78
553
110
245
250
79
83
695
926
126
176
416
882
948
493
49
474
472
70
816
63
550
983
672
861
242
592
737
45
80
482
737
380
859
9
379
356
845
626
928
905
31
214
11
582
849
272
360
249
668
899
520
773
726
871
694
159
662
134
838
483
144
482
407
487
459
194
150
224
929
797
165
452
727
174
348
544
39
808
759
467
962
467
519
362
961
103
590
285
37
737
669
10
957
188
176
169
473
194
165
528
189
899
760
312
480
221
883
823
5
525
4
735
417
237
847
230
174
110
22
744
424
424
494
99
295
232
732
641
676
712
576
931
375
261
457
675
440
630
384
307
276
336
321
412
218
82
544
914
791
349
584
182
767
787
586
52
133
37
532
103
429
789
848
769
280
931
158
415
576
150
932
483
348
409
325
540
669
281
960
476
202
532
796
233
362
132
296
542
257
819
655
202
212
177
987
673
432
52
1
922
511
872
383
905
453
703
329
606
194
523
297
350
305
394
104
976
393
864
288
770
881
283
109
804
625
731
84
877
94
257
513
502
223
290
671
492
94
971
572
82
105
599
995
566
498
463
886
474
627
570
771
70
494
925
366
220
924
484
232
908
36
433
919
442
38
308
46
460
744
453
222
888
762
14
108
222
149
292
213
241
721
239
496
612
551
264
827
746
412
339
145
431
760
261
602
477
941
240
763
394
612
180
375
696
716
608
702
12
900
457
550
236
219
738
759
626
782
77
283
358
818
377
542
940
507
445
410
561
500
267
694
940
176
440
824
322
104
396
689
698
589
253
592
403
481
337
705
178
417
467
223
16
222
549
223
228
21
480
352
93
171
983
720
347
116
851
520
566
182
570
987
639
866
841
659
366
523
948
21
931
122
491
598
897
288
984
533
455
13
350
595
225
761
388
568
463
386
210
344
749
326
660
598
795
41
332
303
501
480
892
403
149
599
765
984
623
336
450
359
614
237
832
3
21
200
890
207
433
440
183
639
797
31
903
833
189
235
631
469
864
73
897
396
392
288
160
189
267
37
586
670
527
107
726
904
297
302
768
987
535
704
154
141
695
147
646
781
679
999
202
796
495
911
330
855
356
599
108
414
654
953
208
208
619
384
87
251
549
468
710
734
578
336
531
514
572
408
407
377
488
695
228
853
114
487
200
412
33
979
298
554
518
226
773
799
611
724
532
227
722
986
813
656
739
1
513
119
306
671
346
565
136
881
685
135
425
116
922
779
783
307
906
665
581
889
913
43
590
591
396
872
46
495
45
967
561
866
324
11
459
608
264
137
512
622
342
66
349
533
553
677
262
272
667
268
545
93
595
154
243
648
112
995
362
525
317
197
347
837
445
406
341
314
601
662
334
950
223
998
252
289
557
441
494
994
110
810
28
576
500
822
556
601
64
27
799
954
414
417
307
552
148
680
178
7
972
251
619
937
375
980
951
593
37
183
567
96
715
363
397
496
180
582
880
584
195
329
163
551
991
780
944
620
960
674
177
485
865
865
287
86
871
451
247
5
505
560
938
244
825
0
467
830
58
51
631
6
473
723
480
900
649
981
130
457
434
388
762
901
714
470
19
479
807
83
387
205
115
539
125
300
736
415
504
442
502
84
825
547
124
195
220
9
627
28
33
143
681
516
572
599
284
884
165
90
301
941
370
225
424
169
714
865
305
539
755
316
521
153
77
86
393
888
841
237
270
706
189
797
302
148
697
203
522
931
71
472
268
784
574
216
635
504
423
43
644
921
916
556
227
506
302
241
859
179
246
298
634
877
966
45
920
371
440
760
546
281
751
841
106
532
662
755
585
450
270
210
888
347
363
617
443
936
777
666
279
67
555
790
878
720
564
709
416
130
553
672
580
152
751
220
776
569
209
930
293
686
869
174
966
992
760
845
98
546
847
218
744
16
335
130
339
184
247
886
766
599
5
457
25
536
213
371
957
904
313
557
877
205
438
782
829
497
915
166
527
289
456
257
364
651
140
693
224
303
647
408
129
581
746
220
153
503
883
484
426
544
445
732
169
78
488
851
150
124
621
396
243
355
148
646
739
523
201
369
918
652
229
74
762
873
177
257
179
671
336
792
678
890
133
206
338
385
667
469
465
139
116
241
862
19
532
219
567
416
734
4
676
351
751
958
640
901
146
143
424
735
212
799
234
501
281
852
728
55
918
924
493
662
393
756
175
862
46
78
725
202
171
496
163
601
878
634
532
784
718
879
383
168
519
673
173
401
546
895
858
791
555
8
50
812
357
580
382
782
731
296
423
522
393
395
451
145
571
879
765
338
171
50
657
521
561
389
832
774
566
444
585
609
185
552
906
101
126
10
789
218
228
449
125
639
726
605
19
39
852
741
620
540
3
662
326
354
546
124
35
269
126
966
708
837
553
821
922
969
574
694
641
386
704
81
87
513
251
152
451
348
115
235
705
61
156
772
805
75
442
327
701
389
298
44
900
116
929
583
685
552
483
168
829
350
230
543
52
801
960
178
276
751
351
419
883
733
792
91
150
405
585
180
703
174
299
613
777
93
722
878
336
147
391
551
111
719
176
853
92
550
830
949
894
472
847
779
42
317
285
685
362
71
912
603
472
985
863
266
58
801
172
946
510
978
281
853
655
413
277
297
232
272
51
847
113
744
261
76
864
36
229
736
313
881
421
486
465
181
872
411
103
742
47
67
629
499
48
432
574
358
797
436
824
408
33
841
147
645
544
342
746
274
895
317
514
724
945
523
161
282
492
112
986
38
788
720
909
24
646
305
315
332
904
29
243
557
631
322
855
570
552
273
419
807
75
84
654
263
453
75
529
737
37
553
344
585
593
890
823
96
402
303
272
190
62
342
354
247
148
500
731
684
901
140
865
412
705
813
293
706
671
542
865
921
802
501
764
589
568
833
331
420
396
916
938
261
335
909
812
703
642
469
911
469
343
649
92
488
705
703
166
110
233
60
952
906
834
381
3
804
343
5
720
859
156
215
987
256
851
700
298
76
80
446
477
716
694
542
133
900
747
235
881
770
297
269
599
157
559
433
392
62
152
365
303
509
194
159
499
895
106
721
283
214
414
999
842
762
138
764
276
671
647
314
687
598
393
8
173
369
456
321
969
201
826
379
111
90
934
597
426
978
428
716
960
590
579
352
136
21
619
763
600
753
741
962
544
51
648
390
995
862
381
293
414
679
797
245
737
787
321
425
895
850
441
399
617
674
193
312
823
919
522
490
209
794
277
787
211
592
254
263
480
188
942
716
48
727
792
900
565
943
977
498
674
398
138
521
493
565
87
41
79
728
221
403
233
603
256
287
697
533
234
747
533
292
731
847
63
354
909
552
466
367
975
954
404
358
877
265
157
52
542
353
415
262
998
156
53
683
124
308
577
499
446
394
849
813
20
527
362
647
75
608
336
489
372
119
901
939
780
856
432
393
588
649
55
651
427
678
848
466
11
587
140
120
113
796
613
320
529
481
418
774
514
982
865
975
670
370
388
500
101
718
631
699
938
985
560
31
686
401
816
313
795
212
9
647
523
512
801
307
963
792
182
679
354
88
530
881
591
507
194
641
698
83
161
850
520
0
666
152
781
956
413
743
806
159
521
333
29
375
948
201
240
195
943
619
251
79
766
725
837
682
590
275
953
846
383
583
711
456
516
544
554
17
888
740
818
756
116
748
885
417
311
351
961
9
165
625
230
611
867
189
258
630
489
393
156
944
216
865
637
231
663
279
444
454
513
449
593
914
409
539
340
942
937
39
479
907
719
578
377
76
81
112
756
745
674
531
122
282
373
56
340
94
762
275
490
412
47
941
570
739
121
362
314
989
667
8
824
217
349
900
381
833
217
567
613
1
106
770
35
802
286
213
842
165
414
694
262
3
811
984
940
381
683
490
256
568
596
626
14
619
209
561
531
748
106
249
860
799
385
732
911
112
946
319
385
916
322
543
695
611
916
739
577
649
632
202
212
493
77
726
744
145
856
73
177
723
70
318
977
587
750
660
598
630
602
54
423
706
903
375
861
356
427
596
568
702
911
90
600
477
254
298
693
714
493
26
273
327
754
95
428
236
849
263
8
506
61
491
94
17
141
821
824
557
504
342
217
822
105
827
898
576
830
801
759
599
725
326
65
167
528
362
357
204
972
871
189
325
852
165
285
911
499
521
320
343
794
686
276
407
974
92
884
509
461
848
285
192
803
885
939
357
320
298
892
297
581
819
485
248
831
772
796
109
778
195
846
274
969
806
249
210
917
413
237
270
365
449
63
773
613
693
110
207
82
772
841
748
244
59
608
864
573
705
179
682
953
876
800
182
494
269
785
407
439
631
700
353
547
611
637
974
683
592
89
535
252
818
764
373
706
784
798
40
214
282
202
824
641
139
111
402
321
107
50
686
755
825
547
223
506
967
463
778
254
893
526
427
65
931
670
572
350
265
200
374
147
218
545
77
865
104
843
240
961
745
661
463
953
459
489
848
528
612
749
290
134
525
364
171
311
535
13
168
737
855
484
436
788
454
640
875
290
972
125
502
951
70
914
201
763
237
230
931
693
802
151
271
74
191
147
97
503
679
698
338
531
680
228
64
112
96
135
768
988
718
915
501
314
131
90
253
319
712
378
450
802
721
773
294
235
443
19
731
944
410
382
842
803
646
766
835
816
407
590
892
670
166
7
981
867
670
683
91
397
211
69
579
215
250
167
362
112
305
188
107
962
168
399
96
570
41
572
60
387
115
85
273
688
149
24
30
218
825
407
539
950
143
575
999
83
196
406
754
914
186
462
527
679
322
71
636
415
159
180
557
338
109
149
821
571
810
957
631
462
195
421
77
266
459
464
662
47
527
472
477
489
269
713
960
701
935
397
814
403
74
728
108
973
972
220
802
719
373
864
809
256
309
564
232
112
655
673
952
770
908
566
52
788
283
950
717
196
999
592
405
701
705
183
770
851
912
260
62
171
607
632
92
511
622
966
493
593
307
968
61
709
930
105
959
475
266
707
544
589
667
394
538
886
517
577
335
556
906
907
106
912
591
981
208
164
518
130
860
988
0
414
148
343
113
952
958
319
340
121
919
560
554
146
925
942
285
78
795
698
785
19
557
798
413
999
925
638
542
848
61
218
933
212
342
409
906
490
1
496
865
465
595
580
668
248
934
956
329
150
950
906
845
667
393
556
777
70
443
222
933
56
336
610
314
624
43
203
684
481
87
821
583
769
292
145
481
12
285
729
513
321
799
839
543
138
940
90
164
410
769
387
395
442
117
133
432
516
619
972
751
436
177
287
248
203
2
545
858
966
585
164
14
23
847
943
566
170
183
713
133
139
112
166
488
910
419
395
350
46
710
60
108
850
743
526
156
766
917
553
126
854
259
342
87
984
334
386
458
714
690
377
485
137
184
615
5
44
147
179
212
512
155
69
914
901
681
273
449
521
268
972
774
868
155
214
765
996
4
665
228
938
917
673
634
652
433
45
665
644
789
373
243
505
603
84
793
980
775
744
281
134
488
160
984
952
705
909
390
987
569
531
578
226
904
602
542
764
811
97
581
494
721
578
137
753
134
756
225
927
856
724
651
868
513
733
103
963
229
427
621
182
780
994
374
874
114
36
713
386
5
594
863
827
438
730
745
744
332
987
459
334
949
709
336
283
551
796
168
507
630
943
887
403
823
619
640
234
828
790
962
28
440
225
713
89
558
941
152
869
285
473
366
706
663
298
191
307
778
781
381
105
470
505
470
76
920
233
631
266
214
784
649
268
812
629
99
177
47
729
760
354
584
167
747
529
187
500
80
468
337
607
405
30
659
570
425
687
264
145
763
450
792
115
678
48
249
7
611
204
762
489
48
183
791
45
632
276
140
730
715
822
413
987
296
0
462
2
888
558
782
998
76
483
738
287
802
610
687
583
771
496
143
555
273
546
200
106
911
331
721
813
353
329
390
656
575
953
30
304
3
375
676
918
379
739
811
675
547
328
261
604
331
831
285
831
537
92
148
142
472
831
249
213
793
477
924
607
385
272
869
621
763
892
880
593
335
579
892
296
988
340
381
574
897
736
870
471
954
909
634
203
825
358
701
265
916
890
407
855
638
556
369
273
936
692
531
432
608
812
213
109
274
453
653
22
79
882
232
192
948
381
4
591
948
946
101
481
608
489
198
977
334
391
507
683
136
191
37
171
951
460
430
179
103
3
958
268
876
231
524
661
22
957
728
170
745
841
129
782
375
792
699
501
706
272
915
219
989
173
78
33
651
997
247
745
946
926
679
888
449
118
554
411
224
683
624
829
278
277
353
960
729
921
508
818
913
215
809
890
198
486
534
267
84
878
791
920
892
758
170
248
957
167
482
157
378
745
937
175
541
165
156
982
492
826
962
272
44
148
61
808
12
42
788
912
627
6
776
992
36
867
285
975
648
914
355
481
925
317
190
145
990
632
347
921
570
757
205
769
578
983
358
796
221
121
729
33
511
503
32
120
786
685
849
483
538
879
807
375
544
17
102
931
703
560
550
793
875
96
276
466
995
80
278
783
700
835
445
181
736
936
512
409
862
244
726
676
500
30
588
240
763
684
432
748
530
972
277
253
933
61
793
550
863
783
51
104
862
128
832
237
390
857
55
66
297
176
748
788
637
551
107
348
886
597
910
837
638
412
928
829
514
163
338
995
287
884
725
504
437
8
986
569
330
266
319
940
898
946
947
768
214
611
356
914
298
566
766
461
964
336
486
226
1
50
696
33
690
624
470
135
696
852
738
568
267
843
150
822
321
312
930
362
653
288
214
491
926
998
969
141
67
952
825
20
787
898
923
921
33
457
109
252
455
866
194
651
378
788
446
377
231
939
970
106
845
647
379
342
243
365
454
189
739
916
167
730
343
787
114
171
362
824
49
823
843
92
424
257
534
749
757
676
139
252
379
560
603
505
737
604
32
275
199
940
396
564
625
981
685
325
31
390
727
846
819
922
67
864
4
387
999
518
219
897
333
577
437
3
137
52
993
285
389
632
146
522
151
753
894
804
141
488
704
603
800
625
835
258
879
192
248
760
965
944
394
461
646
308
696
43
118
538
971
336
722
940
744
17
347
249
328
408
584
84
438
465
483
483
865
490
808
74
971
889
625
17
656
826
757
132
675
313
146
585
150
581
216
767
873
366
416
805
861
105
197
985
737
49
306
651
28
375
461
648
724
77
490
483
503
928
122
873
632
165
213
339
596
485
134
50
757
236
559
854
318
382
709
199
609
58
28
880
102
852
990
417
28
118
608
764
85
806
510
186
557
46
312
623
723
688
285
555
515
312
831
346
643
135
927
495
565
381
34
372
445
727
859
877
443
129
884
270
371
445
232
793
483
125
59
477
836
701
787
347
845
77
288
147
132
133
435
543
854
234
475
238
538
752
845
196
729
184
685
87
984
165
144
245
641
129
996
157
895
213
306
395
105
33
843
104
201
552
897
80
461
320
823
878
749
552
268
606
150
683
307
57
670
765
718
462
769
507
133
902
140
552
50
193
464
708
639
744
153
975
754
675
104
136
551
836
797
855
990
403
241
281
207
467
987
845
899
428
337
34
637
866
770
148
305
839
290
351
748
349
877
627
293
727
543
969
57
408
524
868
957
715
971
891
536
516
688
486
246
191
322
511
605
185
34
916
673
27
454
74
403
878
381
372
810
467
204
596
136
338
120
136
888
806
348
753
374
462
573
872
96
935
436
690
59
977
69
334
530
287
334
708
762
275
329
249
913
729
317
816
41
586
434
147
351
468
884
58
729
936
98
362
96
909
127
186
490
275
897
595
562
978
272
342
916
932
969
938
59
176
83
990
958
792
130
259
923
861
523
326
538
554
71
189
438
423
579
104
239
631
126
994
771
524
117
391
414
689
900
224
712
71
438
733
462
116
295
707
491
978
248
334
664
684
187
993
162
158
247
35
652
509
22
4
468
485
989
992
970
138
916
835
646
976
54
918
361
863
835
201
24
641
780
114
668
606
727
588
549
859
324
132
232
358
663
736
742
717
440
841
687
783
319
906
951
818
875
441
624
855
540
254
32
508
575
489
269
816
627
897
726
868
202
338
643
72
554
943
528
676
61
657
902
880
606
678
794
357
812
757
610
598
323
857
341
833
825
540
115
795
175
14
597
595
313
86
14
533
784
784
770
650
181
648
109
365
624
334
352
185
283
811
911
42
984
339
550
938
458
674
550
469
243
676
915
582
57
832
96
299
790
60
492
759
96
815
734
159
575
931
647
727
670
570
48
893
139
971
572
741
442
484
847
215
358
26
207
135
105
823
641
916
671
979
263
723
374
718
129
860
777
165
713
5
398
563
932
533
59
666
166
764
408
426
437
162
401
81
777
229
563
563
26
375
873
156
498
94
783
636
340
821
439
907
662
108
90
37
171
564
138
207
332
590
797
907
448
116
140
32
313
600
341
118
322
883
198
312
85
489
899
874
809
75
121
669
453
724
876
569
302
569
582
787
687
867
17
895
705
567
927
712
208
119
552
269
65
866
332
878
65
122
961
64
208
637
735
604
750
142
386
455
324
276
792
542
854
147
212
152
655
289
770
592
5
956
580
363
415
963
316
391
181
578
786
325
599
202
81
736
369
944
453
550
861
469
984
175
769
510
29
387
746
204
260
321
489
414
8
766
229
494
309
26
562
970
854
265
744
220
78
568
135
84
717
967
1
76
261
870
216
636
622
411
51
983
343
651
523
325
461
334
594
531
361
904
342
544
917
589
562
50
999
405
415
344
18
609
761
9
81
381
988
805
341
286
873
978
153
277
515
426
764
484
687
826
870
17
507
614
767
721
670
803
236
31
425
342
699
405
316
860
18
937
420
129
811
564
372
524
107
0
417
211
779
656
683
115
821
996
48
555
91
644
379
41
69
565
157
293
74
770
539
741
537
109
465
784
392
126
708
407
44
563
798
313
570
777
686
814
622
881
270
110
922
63
393
771
362
71
380
940
493
913
997
444
454
407
81
547
948
572
202
626
390
815
929
196
707
335
424
323
265
354
92
625
188
777
113
985
866
718
246
701
741
833
650
441
937
679
774
792
78
61
565
397
223
547
235
389
492
76
858
27
862
268
138
739
393
539
633
123
455
386
377
519
178
555
922
725
41
254
896
960
119
9
510
384
441
656
146
786
503
534
107
452
412
122
185
924
473
429
444
73
351
58
247
938
60
591
630
198
711
28
806
92
375
626
604
236
362
981
640
349
282
733
987
648
268
514
479
788
403
14
31
476
899
591
871
334
682
244
53
518
940
376
479
58
958
605
879
511
122
468
5
100
109
258
475
109
366
988
655
235
361
422
972
114
330
552
346
683
613
843
399
251
141
243
366
564
412
973
63
290
515
466
607
201
770
180
706
13
834
729
814
769
793
502
74
60
462
382
774
793
853
275
37
719
853
516
296
913
552
472
813
101
915
273
360
106
552
900
816
54
848
561
678
726
348
430
841
531
765
393
342
537
674
381
262
688
963
492
879
472
932
638
408
385
588
521
719
641
710
770
798
842
471
483
510
275
250
869
170
261
296
840
311
153
852
328
66
376
942
570
731
211
70
32
128
100
148
17
685
925
237
469
107
200
424
599
350
182
850
276
652
132
999
851
187
946
898
773
369
982
687
863
850
929
527
774
878
888
868
978
569
214
165
934
895
167
476
423
319
280
613
130
39
310
402
427
89
821
526
932
20
154
678
51
246
26
63
935
793
604
603
260
531
60
958
356
939
537
584
409
848
234
132
400
316
109
457
48
913
744
254
276
795
756
283
293
238
198
941
148
401
87
563
358
972
615
119
488
245
477
991
349
913
610
341
382
90
592
931
993
868
53
803
534
396
868
454
86
691
277
699
604
927
91
842
176
906
863
122
338
752
443
896
980
267
202
840
859
665
270
713
255
705
146
397
225
689
250
30
101
547
159
71
448
754
119
425
259
824
620
941
169
17
571
546
677
509
241
271
640
41
105
115
234
256
257
995
662
537
414
740
419
297
572
298
151
730
891
112
559
363
302
521
37
370
213
846
690
783
486
240
324
379
40
497
897
130
216
62
644
892
552
896
991
970
308
356
674
863
38
895
667
637
157
77
23
226
402
52
440
778
531
861
536
535
467
875
228
13
689
799
996
939
840
930
946
912
296
260
537
554
714
46
352
373
266
563
231
1
688
772
225
725
103
980
387
523
994
848
244
372
939
140
333
21
134
162
283
778
526
460
747
970
982
492
485
307
539
897
20
504
304
269
285
704
458
950
550
57
677
442
441
748
758
294
65
947
43
31
411
768
823
906
105
136
659
818
347
24
489
273
311
238
931
625
731
35
988
90
952
544
788
495
186
463
610
900
85
915
621
795
914
395
76
591
202
771
239
424
162
883
693
617
743
867
463
110
780
423
613
226
314
16
583
736
720
684
719
408
315
823
605
132
479
482
307
171
351
291
435
598
489
788
325
826
285
520
781
277
128
43
157
452
612
738
999
12
226
356
213
696
235
495
484
75
203
861
70
110
423
272
943
980
833
492
163
835
625
716
214
102
574
456
972
297
77
133
954
757
761
733
980
453
44
913
425
7
357
749
52
839
83
755
140
329
569
754
278
14
546
439
537
912
326
693
778
97
270
322
49
825
789
618
812
567
503
295
579
202
854
601
772
296
715
403
384
294
250
414
109
537
17
66
741
157
466
170
127
620
238
815
637
657
413
352
798
893
396
713
780
282
478
953
48
615
30
112
717
875
531
857
930
245
101
436
804
403
247
311
636
673
286
822
516
45
145
897
624
97
762
237
379
993
420
885
63
205
460
939
697
192
13
545
844
554
351
549
381
803
103
853
287
266
509
783
168
669
138
684
579
41
433
565
872
197
816
558
65
514
534
99
30
717
399
721
555
544
110
334
112
933
34
75
129
677
796
224
55
329
184
761
248
94
498
624
738
110
371
139
670
885
964
40
170
577
106
934
63
870
211
182
317
185
520
105
811
691
291
675
627
944
250
953
813
592
69
967
211
606
501
413
326
472
557
67
23
486
886
282
736
86
813
877
836
606
144
80
811
292
393
55
243
787
945
395
596
143
817
377
666
371
261
403
9
161
378
714
708
506
434
940
774
318
797
131
653
598
898
215
675
735
63
981
783
18
981
535
444
91
367
30
232
519
580
749
367
809
979
448
793
126
783
629
977
895
371
353
504
143
183
270
82
14
516
764
271
613
549
366
36
283
438
798
483
744
25
99
808
544
471
658
830
649
444
379
442
649
462
878
805
418
271
550
240
855
225
108
251
740
409
191
190
0
239
250
212
326
877
182
645
461
222
130
819
269
266
0
631
147
791
739
724
647
377
206
724
491
453
413
179
382
34
90
17
866
2
577
427
739
520
269
716
394
393
879
208
528
40
380
841
463
869
358
110
941
54
630
944
890
489
776
263
413
232
759
461
401
982
203
585
502
209
176
230
445
400
314
429
628
895
949
201
867
465
857
793
70
565
830
139
756
412
452
159
287
290
135
602
165
459
481
356
558
144
568
228
687
450
537
594
351
438
221
669
208
370
52
518
80
279
823
917
296
23
626
971
885
65
233
48
453
506
154
629
436
166
348
812
464
240
583
567
833
846
716
39
230
401
917
318
980
740
472
646
456
450
177
251
670
356
918
775
298
451
198
509
784
987
268
456
552
25
177
892
868
7
32
701
484
398
358
367
362
363
650
598
146
308
913
840
460
836
525
823
5
877
214
779
370
262
161
695
302
318
441
98
598
680
619
881
260
992
975
827
633
740
75
110
87
238
802
416
957
353
238
600
539
929
33
974
313
752
330
664
732
655
190
159
289
498
629
634
44
303
294
73
163
104
246
116
662
207
509
252
986
394
89
810
215
7
111
312
159
393
463
333
896
595
936
733
787
804
364
847
365
12
773
697
366
559
736
849
65
368
857
461
491
87
815
294
8
766
137
992
498
760
25
501
587
491
120
994
133
279
138
10
719
287
27
738
547
384
131
910
686
968
902
442
768
969
535
418
933
190
958
661
579
69
255
32
564
950
341
568
646
547
574
674
106
856
369
686
130
36
862
497
422
512
325
42
233
448
913
920
975
448
350
417
2
177
241
926
93
836
127
221
72
335
841
759
725
165
38
548
891
538
905
875
905
992
733
559
653
107
158
134
86
340
249
107
486
652
615
247
708
575
703
779
505
315
418
713
354
761
970
708
261
627
549
373
271
727
734
736
221
939
253
462
794
849
288
491
873
861
554
123
379
77
987
977
162
32
865
656
431
138
493
70
489
447
857
686
160
757
24
68
945
808
262
134
754
520
562
313
121
653
545
282
880
814
526
767
611
438
518
469
437
888
400
986
480
477
741
341
411
452
532
733
185
217
98
984
968
920
560
534
311
979
621
284
188
747
861
781
308
124
258
166
52
557
642
256
488
142
121
700
906
897
345
354
493
614
144
675
866
642
929
328
875
968
892
826
782
628
394
939
61
91
812
292
995
246
868
433
889
273
998
722
723
743
784
307
700
320
400
935
153
302
549
552
132
620
480
594
880
0
524
305
565
210
684
63
188
85
652
211
181
575
684
663
982
660
256
416
832
527
642
628
501
771
924
814
988
110
121
949
200
895
276
159
101
66
155
688
53
994
965
39
210
391
33
915
237
808
169
185
727
370
727
914
853
945
559
403
1
719
789
780
199
371
904
533
605
811
120
277
55
845
772
582
946
242
447
166
847
908
859
871
346
626
518
553
355
49
813
589
84
438
78
341
301
41
522
907
829
540
251
240
554
605
131
718
11
287
405
704
603
936
287
408
304
174
496
137
421
491
510
558
501
595
356
722
738
12
10
674
949
990
765
352
254
498
633
241
77
95
932
649
338
659
644
717
803
839
380
322
972
774
171
780
404
464
533
74
173
178
103
744
492
72
189
452
522
5
958
693
10
338
826
489
84
334
282
399
161
85
506
900
896
659
475
873
297
955
67
916
7
459
1
710
803
802
131
982
767
398
18
604
488
399
737
8
145
776
250
804
819
783
218
959
817
394
30
204
571
84
798
834
449
32
600
149
418
606
440
445
597
204
886
645
81
999
857
823
560
290
755
966
105
677
709
420
630
554
605
589
971
348
500
243
137
865
421
315
689
314
347
945
428
744
330
240
939
569
152
916
875
507
933
899
699
152
410
337
201
435
198
523
593
811
103
927
215
181
983
450
856
166
324
186
108
593
508
797
407
878
440
104
832
12
617
69
865
304
137
63
896
662
204
792
421
480
542
966
333
765
198
9
278
43
691
936
989
352
814
636
108
637
545
500
216
485
566
387
290
796
947
15
820
579
708
787
326
3
834
808
873
352
370
127
669
465
313
563
926
180
263
61
92
199
905
119
779
325
700
980
247
5
743
743
812
857
960
956
998
670
1
965
725
543
572
694
859
591
597
499
280
190
872
824
989
788
434
736
776
956
636
730
128
179
205
97
986
121
135
659
779
174
686
549
743
889
964
509
569
525
496
544
611
590
511
429
88
803
196
265
433
363
917
660
213
437
326
60
652
90
642
473
134
854
534
736
55
271
472
892
870
477
40
562
519
75
519
292
261
52
957
449
244
554
783
314
598
611
409
144
396
973
743
188
343
452
275
71
991
521
114
75
188
293
575
249
571
366
157
45
500
449
871
863
674
489
866
148
570
870
302
228
768
2
936
45
110
120
180
160
918
566
673
506
833
533
221
670
73
974
155
72
453
79
865
381
459
758
263
370
467
326
933
258
360
432
877
268
722
883
65
212
939
55
558
385
239
326
409
183
831
132
328
670
815
209
412
778
534
372
229
636
279
194
7
313
198
311
148
530
124
405
595
732
591
963
103
592
188
279
883
750
390
935
28
885
939
437
295
126
877
201
949
50
351
635
539
233
344
177
31
949
77
293
441
894
986
755
110
687
352
801
931
161
566
664
464
215
833
307
610
329
662
838
301
933
914
680
90
762
296
891
198
399
226
28
355
100
667
150
771
751
221
548
922
346
607
927
539
66
553
4
997
891
338
898
328
587
786
770
67
709
124
504
551
430
878
729
866
189
452
429
741
542
473
279
998
224
800
355
621
136
43
352
177
917
321
789
531
229
669
985
886
944
333
693
388
44
384
925
581
992
891
128
604
806
606
627
386
386
170
300
471
800
134
582
877
37
299
945
808
828
156
812
43
708
698
93
933
456
519
551
420
783
506
806
568
197
234
167
83
954
710
444
544
881
779
334
674
556
160
819
982
566
655
379
811
537
197
358
872
401
876
184
847
57
854
815
610
125
630
348
403
415
681
720
456
653
515
354
686
539
831
358
109
541
462
223
309
104
844
472
287
993
239
40
103
750
466
996
561
444
113
26
737
89
318
91
519
907
763
327
811
184
441
600
102
135
529
520
665
375
856
372
721
95
672
742
43
790
837
981
717
996
197
464
22
128
124
539
742
347
70
584
793
989
158
769
871
110
855
85
856
688
257
554
111
787
895
555
532
777
734
193
302
300
976
798
969
516
802
304
292
893
99
91
150
816
582
954
955
977
633
911
401
673
735
305
856
365
283
150
977
71
430
545
701
91
131
341
370
69
329
187
498
681
97
456
716
595
353
427
583
0
103
862
828
100
18
170
748
37
261
608
402
936
629
741
762
323
534
277
329
203
185
244
919
63
969
696
635
620
78
555
453
819
161
209
50
264
801
948
811
531
677
880
71
164
611
276
491
395
337
965
727
398
50
18
739
607
971
235
593
485
638
427
652
594
823
632
218
596
821
464
694
24
195
95
329
916
88
134
290
227
652
406
291
503
876
149
606
330
247
136
592
381
345
226
197
933
456
684
796
594
478
102
508
370
903
252
599
414
275
324
326
347
870
471
757
428
118
231
97
462
756
104
175
100
319
553
799
892
550
861
864
353
212
501
293
410
704
760
313
19
894
182
624
107
808
977
942
686
433
414
947
452
884
250
967
266
648
640
98
511
711
994
975
265
967
790
18
969
160
435
984
620
399
995
902
467
634
844
205
86
749
642
820
197
829
327
367
799
387
670
662
510
668
628
529
90
422
424
810
13
413
732
667
703
983
380
578
676
868
167
986
339
730
580
613
807
216
263
87
291
634
387
988
593
500
410
236
956
690
115
494
32
496
516
498
358
341
441
228
892
686
683
502
916
312
451
845
612
485
857
151
326
915
25
731
449
177
397
586
751
227
65
588
960
792
290
158
272
907
304
123
28
79
767
48
195
94
736
732
154
964
549
896
624
567
373
779
908
17
53
146
500
153
800
238
951
343
199
102
428
847
660
231
677
928
739
928
847
254
243
651
195
868
188
433
737
357
482
413
555
461
249
28
57
92
568
355
836
3
794
866
180
834
683
376
877
769
489
295
143
166
963
209
406
230
798
954
50
95
421
72
959
837
497
889
879
708
946
940
430
518
36
531
943
276
342
919
190
186
383
844
421
711
217
406
979
506
274
964
777
555
57
428
367
57
414
696
951
96
997
224
767
750
757
256
733
317
860
306
318
419
125
583
384
736
348
171
785
736
153
974
736
251
740
546
474
689
96
265
159
625
811
135
94
451
732
745
398
373
254
220
719
595
364
296
568
131
957
358
682
312
379
112
805
197
614
417
730
348
206
885
920
399
265
458
339
191
74
478
386
59
795
498
296
660
852
616
573
214
668
522
205
281
303
283
466
913
848
497
494
611
889
459
787
794
497
975
414
960
838
248
441
496
548
910
169
212
284
950
599
114
896
908
874
813
917
166
261
889
402
635
877
334
857
667
607
617
667
632
679
568
489
462
675
76
600
919
673
204
460
251
678
391
81
390
658
122
622
57
640
115
723
374
209
565
764
270
363
950
727
301
478
709
826
1
800
391
528
150
826
476
126
550
675
645
152
71
739
153
690
493
274
321
52
186
961
168
677
803
801
143
115
13
604
736
130
823
825
73
468
922
395
683
664
191
52
676
829
447
286
594
336
625
43
737
652
239
893
894
762
650
336
749
602
264
295
48
17
738
124
185
811
483
828
138
794
526
106
323
391
479
147
860
113
613
50
332
812
94
213
849
132
668
144
56
442
942
776
703
510
562
370
833
741
473
557
42
717
756
198
859
71
286
619
417
516
698
841
577
844
542
273
23
770
631
537
159
148
400
720
875
577
421
140
855
700
533
695
177
504
624
54
364
196
684
748
847
450
894
951
146
315
232
482
529
69
254
123
588
23
149
245
93
523
525
536
292
917
926
872
679
100
186
468
350
815
114
264
159
922
68
52
749
585
578
390
62
60
398
414
605
163
397
457
5
596
322
264
991
115
613
865
574
857
275
830
601
536
783
877
409
885
857
417
835
39
854
302
208
952
169
682
747
690
513
906
147
915
410
859
770
572
248
434
541
70
802
366
172
454
755
517
540
395
215
380
52
317
796
435
669
288
518
567
54
442
560
362
406
9
863
224
875
56
881
324
539
140
223
363
553
226
559
254
154
451
637
574
856
618
66
755
270
94
173
542
534
587
530
808
256
814
600
793
899
664
24
957
489
106
74
245
502
995
418
218
433
926
699
303
134
631
258
448
955
727
175
445
162
550
808
443
591
137
86
901
866
212
347
743
359
417
900
195
284
466
180
448
914
563
986
400
280
68
892
376
252
725
875
877
723
779
777
149
660
730
560
412
536
307
220
536
772
465
324
71
130
598
926
664
21
819
697
527
724
432
414
621
345
264
401
111
434
745
677
789
527
450
878
790
173
582
939
642
706
977
51
256
778
840
127
874
298
21
40
950
99
483
202
246
769
927
498
945
781
944
748
675
447
793
905
635
312
692
958
116
487
857
24
502
698
503
487
998
408
602
304
299
773
542
328
762
181
171
917
549
988
130
855
871
262
734
815
307
690
86
431
694
868
650
339
90
868
316
566
404
369
706
320
504
617
649
254
899
357
396
954
154
17
844
325
353
162
282
98
534
547
699
437
560
881
76
28
738
765
103
925
444
315
348
464
555
9
403
910
64
657
872
986
823
330
425
879
313
996
692
554
412
395
260
985
649
750
958
276
391
304
943
747
686
503
185
193
350
59
661
151
417
633
746
700
758
360
695
467
927
660
557
758
566
178
521
10
811
283
297
274
897
972
173
449
914
76
48
506
80
848
302
762
566
116
104
328
918
579
502
435
820
9
645
134
754
647
257
376
413
175
500
295
937
688
688
69
593
764
873
179
1
496
767
918
335
364
907
879
399
659
255
55
598
949
131
346
34
755
501
643
736
707
80
617
485
878
105
649
169
413
774
836
273
555
215
795
228
983
522
207
129
776
850
62
783
270
63
443
828
191
844
764
274
47
261
138
655
468
367
317
539
761
37
414
48
384
368
425
733
934
726
715
100
841
974
816
645
117
131
480
394
680
367
922
276
483
602
762
853
122
907
199
584
662
54
88
150
544
431
841
323
832
934
344
672
272
572
677
905
58
732
825
282
153
941
694
134
655
375
471
857
10
949
353
863
556
858
883
467
332
942
930
148
879
435
584
501
219
379
630
732
709
837
391
182
41
463
350
761
90
422
27
737
267
740
227
687
773
425
902
415
313
157
812
809
393
692
770
379
571
156
585
45
574
355
401
845
511
85
324
515
437
60
805
703
532
16
963
514
527
370
257
83
26
123
536
659
815
578
246
394
487
150
689
907
812
841
159
854
236
982
744
438
928
716
422
258
950
74
635
87
620
414
140
317
510
913
309
496
473
605
437
467
329
938
475
672
632
253
977
163
624
658
664
552
915
220
805
506
633
2
778
61
738
988
520
870
540
158
267
802
279
156
542
652
727
584
409
603
434
191
16
251
587
802
70
867
174
44
730
151
965
840
553
78
154
861
212
791
165
443
243
807
265
792
378
767
282
175
882
412
666
129
979
966
4
966
874
301
528
69
750
193
297
490
815
457
563
744
576
958
865
912
996
425
118
480
231
530
866
591
983
331
199
248
347
524
261
886
682
528
459
815
191
768
718
43
652
270
479
222
981
853
160
500
446
551
111
293
775
727
319
970
959
504
723
302
679
669
244
392
264
899
565
977
768
308
357
681
240
269
532
55
410
786
306
400
210
761
636
14
689
204
217
237
522
523
348
755
847
513
810
807
315
750
31
355
662
613
772
308
756
190
779
874
623
903
294
59
598
151
205
764
966
179
175
811
544
268
3
711
499
233
87
241
228
633
697
695
139
779
795
158
535
450
324
719
925
715
85
486
317
961
450
839
141
931
242
434
290
995
272
145
364
139
171
294
786
12
218
842
310
39
764
180
842
215
927
271
698
262
679
176
764
183
122
942
598
340
506
570
23
945
555
673
481
72
661
895
773
639
443
823
295
919
213
121
867
566
700
386
873
951
44
186
269
257
327
186
962
349
255
476
400
876
443
624
666
241
894
692
597
642
37
300
759
780
720
514
732
103
874
24
919
792
116
291
623
71
55
18
240
272
49
432
235
157
577
894
48
684
942
660
595
205
14
113
213
119
827
154
253
339
802
87
390
624
871
596
243
265
419
367
912
484
183
277
810
213
254
90
66
507
149
728
566
120
46
207
713
958
583
855
637
0
956
122
613
583
484
693
7
391
346
496
74
962
458
804
565
378
120
925
472
180
59
920
471
467
927
934
324
459
3
457
555
568
928
775
229
174
404
733
957
986
958
846
831
976
874
900
634
206
943
54
563
241
488
978
428
7
32
821
493
309
377
825
378
666
662
638
956
499
47
357
597
800
189
264
902
703
703
406
83
464
613
238
946
825
987
209
791
482
856
37
908
99
959
847
327
205
221
945
524
727
101
228
53
34
864
471
479
847
721
257
367
367
136
644
5
131
77
171
536
550
552
853
570
951
510
434
396
243
559
565
277
90
221
803
455
105
159
363
907
480
439
342
943
885
873
385
973
729
86
681
333
617
856
22
93
352
526
291
201
587
978
781
566
725
569
561
787
412
370
707
233
739
339
645
890
129
72
141
625
250
6
882
320
309
623
96
800
854
7
841
52
725
134
510
287
526
271
7
263
266
449
680
890
126
171
101
216
499
101
303
513
926
868
639
793
928
831
874
160
377
688
605
191
897
573
315
184
527
728
133
29
733
395
865
84
675
656
975
394
539
144
135
269
53
674
607
670
764
574
492
119
905
811
54
17
23
958
930
546
590
844
490
852
324
633
487
801
320
786
786
54
777
576
79
70
527
926
467
409
552
837
727
4
254
814
989
163
471
304
963
436
877
954
423
269
766
939
177
873
295
752
79
527
493
590
676
403
844
633
922
553
244
420
67
384
72
178
466
651
361
516
431
998
915
436
227
903
469
441
440
674
663
252
885
530
343
498
649
69
797
3
701
111
8
779
335
905
376
351
796
435
261
82
526
688
831
168
294
146
592
387
956
126
856
788
333
17
39
268
356
410
544
51
556
786
228
490
764
297
476
284
84
395
419
146
7
971
819
231
274
479
743
912
812
460
369
993
270
563
670
684
333
316
846
995
494
674
736
480
529
528
53
899
457
106
68
667
883
694
902
977
533
148
746
506
201
453
532
843
569
208
610
185
221
755
760
17
84
103
44
30
143
948
852
154
300
72
422
799
497
410
936
725
535
28
105
775
490
192
504
745
894
921
612
565
836
469
940
342
149
26
952
76
62
383
215
210
556
725
378
972
370
590
145
69
233
916
309
680
456
77
813
381
932
597
485
734
865
516
644
930
2
858
172
138
381
41
552
963
890
658
281
579
894
642
817
567
371
846
828
836
746
820
283
397
628
60
411
189
709
800
958
941
282
176
865
624
68
368
405
348
526
158
225
292
868
126
72
52
412
705
815
677
953
910
106
946
485
295
328
618
335
463
36
342
118
250
173
61
37
430
848
503
479
209
988
439
500
611
630
556
917
381
639
57
4
146
539
684
728
517
387
756
656
499
629
535
197
282
225
562
533
531
552
66
485
188
329
235
175
208
508
615
933
387
114
881
772
641
436
3
140
798
955
996
991
675
856
190
696
400
294
127
519
53
556
182
74
934
687
249
845
878
624
37
533
698
810
245
1
585
718
262
530
211
314
83
765
840
135
716
47
890
938
412
57
230
966
195
99
447
256
633
941
587
195
597
812
450
205
61
378
948
674
94
962
451
495
111
578
385
945
25
777
506
863
353
155
533
717
257
603
423
907
195
0
153
502
576
123
476
533
129
160
474
654
868
523
446
514
832
437
246
670
996
367
160
524
845
158
515
809
719
952
719
728
95
734
400
959
222
146
535
705
600
850
521
612
685
94
516
531
584
759
440
990
15
624
690
824
834
354
807
146
439
538
118
255
380
957
998
512
287
512
315
616
515
753
227
330
388
810
142
226
821
295
757
649
968
309
866
885
918
438
49
392
239
778
869
776
684
432
397
775
795
949
896
612
266
652
504
890
320
600
803
959
889
510
71
527
480
46
383
42
282
442
961
348
216
808
611
259
525
557
125
590
969
139
359
252
365
668
646
275
328
647
604
306
482
739
30
569
143
410
402
311
534
880
576
644
970
859
680
888
544
605
484
236
538
855
640
312
444
865
655
532
461
160
343
827
185
727
129
781
820
537
474
460
329
597
469
209
532
651
108
296
733
23
92
521
502
828
441
248
254
178
914
7
575
370
751
995
397
625
640
308
113
820
79
937
748
852
760
339
512
930
552
865
435
900
876
85
293
344
788
268
901
952
816
411
190
534
481
800
944
690
611
55
356
675
393
942
456
843
418
931
180
462
667
892
188
963
845
936
151
483
240
28
375
938
832
56
866
468
887
379
232
122
707
596
390
309
289
819
235
874
882
175
81
807
733
658
38
117
246
146
515
46
213
632
21
761
746
318
666
939
712
157
790
992
599
805
23
187
30
432
989
890
744
633
31
14
263
657
994
601
711
387
331
929
588
169
302
452
350
405
856
44
164
468
802
549
39
848
335
796
809
326
512
779
605
696
45
690
392
603
112
904
344
163
277
979
172
637
804
988
53
125
970
902
380
98
500
912
324
567
605
649
48
27
947
532
840
819
413
932
720
886
871
546
634
42
538
372
166
325
229
912
270
118
280
354
655
581
771
378
61
561
923
50
565
745
789
318
673
828
621
164
776
884
337
294
308
960
801
6
768
898
402
713
730
625
796
335
981
135
393
579
634
797
807
558
104
438
423
944
105
842
966
761
247
188
924
21
943
685
956
103
36
306
267
287
239
180
29
734
278
959
492
394
43
77
282
757
335
748
585
627
983
117
408
428
517
838
705
238
889
282
161
375
26
183
352
169
151
688
458
535
627
701
13
503
529
568
644
489
860
761
898
686
931
205
483
356
666
89
104
866
812
949
313
559
648
71
73
768
362
654
604
441
571
225
860
67
179
198
388
151
510
319
572
922
349
490
391
298
399
415
897
232
224
952
812
950
48
572
501
667
78
108
419
181
815
75
984
814
90
799
52
170
206
709
469
935
486
492
371
262
420
967
747
305
107
153
26
566
297
429
757
91
53
988
127
810
222
83
459
951
741
267
138
687
635
666
806
572
133
259
632
743
823
417
672
461
63
714
595
748
860
602
617
671
351
525
455
337
120
457
11
23
316
330
351
177
341
376
383
250
627
207
422
333
866
350
574
715
235
698
126
562
432
35
745
680
346
782
869
329
765
157
721
749
383
317
971
598
101
6
424
328
382
584
653
345
36
564
942
723
312
160
965
632
333
120
621
30
728
425
567
379
574
591
253
258
287
850
709
238
618
708
505
807
824
470
44
115
213
844
687
551
525
598
494
838
115
697
380
808
960
485
718
870
122
919
694
550
915
690
551
339
988
546
17
326
993
778
517
538
438
422
3
668
954
267
761
850
723
126
744
207
819
754
762
908
986
446
950
264
3
662
447
698
3
800
545
166
168
18
262
999
750
979
40
421
688
23
392
599
28
143
87
362
160
160
642
154
364
226
811
752
760
420
86
141
152
270
721
15
477
768
208
674
45
945
232
328
893
858
442
35
135
236
138
282
383
231
272
298
386
765
958
703
545
222
196
284
82
133
601
736
592
434
19
993
452
898
969
781
284
524
238
902
3
877
976
614
664
559
66
52
644
549
655
213
190
386
705
695
137
851
593
297
498
330
95
415
258
700
691
117
882
677
845
434
592
451
571
951
260
800
409
383
120
748
54
554
144
834
44
573
590
33
688
76
721
759
339
722
911
361
960
8
257
501
295
188
718
860
241
220
506
210
725
284
264
512
659
868
630
317
151
534
872
808
303
390
336
160
624
883
92
871
991
837
56
317
660
679
198
153
427
62
979
182
870
307
684
443
93
710
416
186
928
523
880
982
902
898
724
807
862
961
336
976
351
324
703
739
211
512
239
899
689
453
869
866
739
723
146
588
101
38
351
859
16
276
132
813
141
429
119
803
165
509
411
563
193
903
167
984
726
250
977
576
707
80
146
551
198
364
652
979
315
684
594
351
862
16
150
539
724
458
224
84
149
870
14
40
93
340
31
637
483
315
245
418
281
200
322
822
381
87
593
864
951
657
545
510
580
992
309
850
778
399
128
186
166
877
768
727
442
579
119
808
267
547
802
336
562
316
987
165
857
4
58
939
344
605
756
16
552
243
754
185
249
236
926
709
839
689
457
160
522
741
336
979
294
651
568
226
591
501
279
62
1
250
526
348
488
815
252
149
668
66
716
127
503
899
26
853
761
187
793
395
499
817
665
229
355
51
927
199
992
770
646
663
159
754
477
219
957
216
904
253
782
548
659
246
725
489
916
650
260
811
953
632
894
672
330
701
908
962
888
281
813
244
310
650
409
699
247
128
680
679
361
273
22
34
976
861
987
449
93
732
400
256
504
55
811
114
172
373
447
393
458
247
150
987
345
838
801
294
405
867
241
181
117
751
254
660
218
972
248
928
900
796
517
11
710
64
10
590
38
820
437
71
270
857
290
702
598
803
189
771
678
676
808
338
446
528
541
817
633
259
285
417
457
136
682
51
532
508
603
421
392
682
382
53
651
15
803
966
462
793
93
153
722
548
204
477
164
581
986
922
397
154
299
578
965
113
704
913
321
217
589
334
706
735
450
651
393
145
447
762
176
352
611
720
122
617
839
495
397
412
430
414
847
306
304
19
399
224
359
388
662
473
321
2
997
283
616
200
912
352
335
19
756
88
734
9
389
309
471
999
355
663
449
526
782
809
740
149
815
492
695
61
993
2
503
665
128
998
57
524
89
722
394
232
994
745
797
884
731
422
53
701
254
36
587
513
162
440
865
624
582
540
728
236
524
750
727
274
972
616
221
544
963
24
746
842
67
363
801
928
285
814
48
491
924
837
659
352
108
727
54
435
75
130
281
312
551
643
705
653
248
9
292
364
270
243
557
464
622
814
18
518
578
947
882
663
207
665
218
114
971
647
338
751
518
549
76
409
136
59
732
36
220
809
190
719
443
113
420
51
156
106
223
822
370
343
793
617
254
23
553
360
727
158
102
611
912
916
871
208
201
53
762
292
160
553
803
762
537
52
511
267
707
776
394
727
814
433
910
930
530
945
454
906
817
366
314
232
104
257
699
877
129
200
97
935
725
71
58
973
840
154
894
111
630
726
313
217
525
97
481
354
42
62
681
359
840
661
597
237
950
355
23
376
1
990
162
653
42
796
852
855
801
37
985
760
586
461
197
997
511
967
570
976
878
606
268
888
92
349
929
587
618
362
349
687
56
894
500
774
623
993
585
936
795
763
551
565
249
14
766
795
244
586
433
596
902
873
981
612
798
485
172
722
125
262
379
821
694
600
241
265
221
756
857
1
894
310
17
751
674
552
780
666
589
21
909
352
59
527
558
980
109
269
7
417
726
407
858
576
779
476
703
966
435
551
308
626
563
405
391
413
389
842
431
619
873
245
959
89
68
529
5
696
569
189
538
393
294
909
730
704
336
874
487
430
409
369
313
874
729
992
569
592
770
414
414
989
817
219
127
762
730
973
298
719
491
876
453
241
940
553
979
591
316
595
849
545
64
105
217
370
248
231
567
968
506
467
698
601
140
119
381
497
388
484
919
569
505
252
560
426
392
417
253
34
368
189
701
142
399
417
868
529
904
194
984
860
829
497
219
71
418
801
273
526
698
54
82
255
782
612
554
123
154
878
775
700
66
121
3
926
726
96
386
720
874
473
78
461
745
63
185
38
923
106
706
794
92
276
277
577
575
5
484
613
43
985
970
202
148
840
370
8
901
534
323
639
333
572
687
906
880
863
236
398
392
88
10
581
851
804
190
358
142
461
750
352
650
312
998
487
46
240
539
141
325
419
502
773
314
747
76
204
97
120
51
840
952
20
95
878
30
128
14
447
130
925
640
899
183
501
523
217
118
202
598
252
245
271
789
562
79
703
788
538
877
730
47
308
427
87
690
14
997
566
444
715
115
93
562
526
91
862
481
384
654
519
755
375
382
746
942
775
55
822
561
429
938
814
377
305
338
760
251
492
433
576
914
523
370
342
275
843
901
469
239
469
870
270
338
715
606
797
298
436
591
241
945
876
850
930
926
56
596
654
977
993
792
373
358
327
94
30
660
631
221
993
207
744
908
910
794
122
32
206
393
360
737
545
917
216
493
399
89
113
809
371
797
532
149
77
681
766
415
966
485
853
667
474
759
736
842
185
924
620
81
126
498
852
932
764
269
193
522
909
761
515
49
494
688
838
45
335
59
344
622
175
870
802
704
248
8
998
672
750
416
104
259
5
158
8
848
916
681
262
905
749
37
558
245
287
512
511
642
701
100
287
466
896
519
489
571
250
105
641
860
477
78
343
613
428
422
483
550
463
185
680
154
269
54
635
325
997
253
22
643
718
756
72
91
816
327
256
821
786
636
730
496
454
70
816
967
505
0
885
28
319
468
646
630
423
148
322
375
554
249
788
297
370
106
510
874
609
472
927
317
687
223
192
899
753
903
340
762
486
180
151
741
379
803
305
700
457
927
290
877
101
490
864
163
401
575
662
46
858
88
896
235
922
923
908
14
126
747
443
909
682
220
705
534
987
814
368
580
525
734
932
542
303
18
643
577
924
251
83
607
667
592
728
759
753
368
318
15
309
352
220
472
468
342
530
953
703
781
492
726
306
651
967
475
198
63
764
491
881
262
883
414
52
824
170
690
813
854
349
240
718
359
248
987
358
276
99
237
535
336
973
211
848
260
836
242
115
674
204
98
281
704
198
17
549
207
835
835
566
717
490
185
753
760
206
71
159
20
443
251
243
462
514
651
262
346
771
805
758
554
346
669
268
944
654
435
70
823
982
851
541
260
484
809
31
434
183
420
511
775
83
858
731
801
460
668
30
501
795
588
119
225
983
556
283
784
432
73
583
334
273
400
864
60
868
232
846
615
906
272
190
244
330
82
423
575
26
272
927
516
188
173
871
629
779
120
596
830
743
37
432
525
548
996
265
893
433
734
15
653
512
877
268
405
753
571
423
361
373
942
97
689
256
74
900
295
341
336
849
891
280
358
249
300
984
159
766
39
228
596
499
253
776
866
881
664
480
742
51
390
532
775
980
50
324
499
544
871
382
652
976
46
302
764
42
682
237
23
529
818
861
185
8
7
651
112
301
238
894
98
612
16
944
641
920
368
747
814
353
125
789
133
51
345
319
608
876
353
298
198
8
213
195
869
704
626
193
333
632
543
868
911
88
405
688
726
790
683
666
317
97
944
859
154
673
106
635
9
189
271
800
443
261
786
118
409
962
176
633
259
506
499
601
78
680
150
253
758
292
3
716
768
527
338
223
331
578
82
43
175
175
589
854
991
175
991
544
259
605
71
612
466
460
529
782
190
805
427
535
544
267
71
319
317
539
665
762
665
565
833
127
547
240
43
373
921
6
629
638
38
675
920
641
305
324
795
122
767
861
300
533
668
852
905
923
814
316
942
156
162
500
887
262
260
10
488
212
857
306
396
899
591
195
843
641
976
299
655
662
490
162
417
192
794
781
719
769
34
724
233
796
377
382
508
313
306
19
670
404
736
459
331
773
624
637
152
939
919
882
278
858
270
539
313
327
363
624
2
585
682
306
793
715
939
507
695
703
446
557
683
85
36
217
603
36
304
153
742
272
423
167
800
565
643
968
181
931
662
779
977
122
157
358
696
48
794
539
953
113
63
127
976
798
784
396
725
953
264
879
399
712
86
852
92
56
842
176
493
635
219
480
374
461
251
624
900
876
429
671
58
478
237
681
117
496
81
180
639
348
759
935
489
578
519
232
996
930
562
877
681
176
179
326
119
865
220
65
486
686
876
997
450
295
977
387
98
770
577
513
561
532
509
121
805
990
943
131
158
812
891
694
225
770
460
212
950
231
481
87
886
71
480
678
145
548
217
93
191
621
231
780
677
841
394
222
954
550
592
276
891
581
845
467
492
200
297
404
801
871
145
315
420
799
128
170
590
12
824
167
91
456
779
355
673
173
991
700
666
191
9
925
315
142
137
788
740
195
231
461
576
192
484
357
991
277
789
834
275
488
355
889
847
788
806
519
743
910
35
4
323
28
51
701
750
190
638
929
575
122
584
311
221
859
235
734
160
321
973
556
118
31
764
523
627
73
671
849
45
996
726
31
895
346
653
828
19
678
453
611
958
990
755
482
414
23
525
716
839
388
738
594
847
26
234
13
719
406
278
751
243
328
657
659
700
772
759
58
452
582
308
304
736
982
457
798
573
164
178
25
60
574
220
266
392
40
341
824
763
523
380
771
507
665
347
218
482
872
161
47
111
901
861
161
879
387
408
683
312
20
947
595
439
150
561
262
952
506
590
330
518
801
736
980
972
488
548
714
571
87
660
748
797
428
0
783
937
436
947
161
56
813
743
812
16
261
755
565
926
807
948
124
401
24
186
585
45
533
637
677
878
800
135
711
45
442
235
520
887
466
183
321
196
95
710
275
414
691
337
295
987
656
7
783
876
616
883
324
103
631
453
314
738
731
547
553
665
552
544
174
753
989
774
617
94
907
385
568
610
935
388
331
543
485
360
561
831
943
753
300
258
799
228
281
72
546
862
259
431
317
63
991
751
924
455
802
380
544
231
186
236
57
67
995
274
53
222
468
506
944
575
985
662
148
426
450
688
546
130
643
88
394
622
669
145
296
738
997
655
400
640
379
276
298
542
830
524
609
505
423
492
265
362
379
130
47
904
676
977
910
711
818
188
391
983
886
854
840
448
384
559
816
700
610
298
74
829
52
212
192
50
97
271
194
748
850
56
584
445
265
757
756
739
33
947
243
66
308
919
397
256
749
164
930
660
23
293
672
489
173
459
331
160
844
673
893
140
598
494
710
530
969
890
308
432
599
157
910
253
742
964
446
306
475
814
670
231
978
606
789
625
538
889
882
995
999
651
927
259
423
309
561
566
522
665
967
318
659
41
74
554
284
269
412
127
473
588
220
286
52
397
760
886
857
94
188
715
114
277
274
367
654
332
370
889
109
954
5
931
191
560
740
976
174
466
823
22
329
303
787
88
803
250
330
535
139
706
617
873
421
742
318
810
521
365
857
763
362
517
637
425
538
483
175
152
404
306
382
303
386
815
371
901
472
101
883
308
528
556
562
484
136
360
547
708
321
246
997
381
897
698
952
959
572
239
897
409
414
895
434
434
588
644
229
613
283
5
442
557
929
981
975
189
691
793
160
491
183
249
327
862
779
496
141
774
69
303
986
539
92
455
194
584
783
350
641
809
909
372
207
643
916
821
759
91
430
594
461
673
297
452
407
254
54
264
645
653
101
114
243
958
78
99
591
304
43
996
142
536
700
496
20
541
595
884
683
758
753
667
163
774
225
368
283
302
684
474
704
924
572
151
564
779
925
290
888
155
880
847
365
466
298
258
590
699
436
250
930
846
669
267
618
160
357
548
798
909
379
950
269
763
218
559
796
345
935
382
526
8
334
439
357
736
485
961
808
950
209
967
317
548
704
76
353
745
919
746
582
675
69
404
164
587
911
58
348
88
325
541
584
815
277
44
31
641
263
959
200
132
817
586
612
911
836
52
1
217
966
752
756
361
593
899
854
427
51
32
651
441
832
592
319
536
949
902
18
173
151
258
934
400
460
396
374
679
23
884
905
342
618
327
999
422
310
621
747
323
407
904
162
995
870
247
91
980
423
60
511
253
44
755
355
215
937
189
187
293
371
4
514
970
130
199
480
10
262
640
586
164
577
836
592
270
537
34
435
498
65
232
190
727
128
162
678
123
650
493
429
352
270
571
915
188
56
368
926
902
704
613
60
845
459
954
678
715
447
369
528
986
149
400
526
374
498
847
529
907
62
571
961
152
794
27
605
933
547
569
554
105
340
83
729
342
619
427
716
705
898
555
953
653
705
589
15
895
466
530
169
200
469
193
210
918
694
2
256
220
355
44
371
787
626
948
328
944
851
391
721
544
401
249
167
250
903
719
179
924
328
50
504
713
304
93
86
801
241
177
179
305
528
231
410
812
162
758
465
482
153
181
37
233
684
691
337
609
973
53
327
20
828
368
382
398
757
512
293
345
621
888
791
524
483
379
727
437
300
114
157
332
751
943
730
930
155
313
432
339
517
521
726
672
926
796
755
55
925
962
560
862
1
359
683
62
466
168
401
381
144
808
60
951
772
19
421
494
742
595
668
359
430
321
270
830
263
534
750
29
200
155
407
985
765
630
392
342
326
549
769
524
407
680
5
338
175
26
993
938
285
904
828
901
208
158
271
72
229
134
599
975
807
74
841
881
745
628
789
868
440
212
958
211
623
762
697
37
218
548
116
976
840
498
409
277
947
704
138
206
433
36
479
93
336
672
894
807
221
402
155
225
854
347
889
409
705
133
247
905
292
672
718
247
679
215
10
40
807
902
535
663
396
263
206
896
444
405
928
18
457
888
946
4
377
347
433
319
550
530
408
108
85
456
752
320
826
552
640
589
548
666
381
107
620
496
235
439
388
233
484
162
934
606
489
413
186
412
327
531
804
41
339
361
885
762
962
689
449
588
482
637
762
642
389
362
595
999
663
90
487
84
973
815
810
964
520
133
56
173
259
335
261
642
609
685
580
351
579
12
701
525
593
439
873
751
526
180
255
156
761
298
892
389
521
250
998
721
952
459
58
304
244
715
231
893
658
882
123
559
395
177
484
449
668
795
905
113
553
242
986
6
674
750
661
86
280
898
91
758
33
999
402
907
18
45
940
9
333
367
64
922
228
462
615
801
580
817
714
656
485
388
387
406
953
518
73
77
195
423
895
75
722
370
591
663
646
935
363
23
659
564
788
712
612
309
359
141
73
162
453
971
131
688
505
101
791
147
848
771
466
346
436
560
84
35
497
916
680
848
924
391
995
210
744
240
179
622
266
149
66
565
176
691
323
840
910
721
556
331
233
80
620
418
952
917
359
466
520
282
928
481
726
385
182
352
514
19
282
231
266
857
352
306
236
953
380
771
545
482
719
705
310
651
370
783
133
41
426
983
732
880
292
225
395
701
395
814
980
297
832
898
806
952
898
210
818
323
950
34
874
722
696
818
294
102
755
50
650
110
37
683
197
336
863
96
698
83
219
37
620
594
231
310
14
171
777
412
705
177
403
412
809
199
777
464
930
319
840
754
86
490
889
509
419
704
823
342
923
466
182
468
748
166
668
548
233
210
772
360
744
861
432
81
710
187
655
746
96
927
712
823
547
134
318
646
126
849
76
604
38
835
379
99
506
236
361
691
25
45
4
279
689
685
688
913
921
684
669
80
969
286
948
649
48
346
763
892
486
835
856
217
228
598
386
771
640
533
318
443
397
76
769
240
515
234
913
941
467
971
793
195
325
491
684
553
125
85
377
57
659
229
344
446
891
979
885
99
957
57
266
205
341
54
538
91
637
828
571
428
586
751
947
362
773
144
311
782
458
129
648
29
478
105
823
249
876
857
961
243
865
8
30
303
65
317
887
992
1
523
687
263
271
314
388
398
287
347
782
745
479
444
7
239
533
269
58
212
16
234
577
979
372
858
386
532
689
623
34
416
150
879
309
28
195
834
548
965
372
405
0
777
69
47
758
431
322
266
76
687
821
924
403
788
782
46
669
305
86
317
904
610
228
423
204
5
708
840
34
969
437
894
966
446
554
74
150
661
867
144
459
112
789
168
447
69
535
518
7
504
342
862
532
903
675
189
237
634
684
980
327
162
649
662
399
944
783
852
999
529
330
919
815
161
862
558
894
159
367
720
250
168
226
76
588
934
68
479
759
49
673
558
778
606
79
988
580
928
980
223
600
412
398
110
473
202
970
37
568
545
614
301
571
33
491
197
152
887
45
566
611
780
445
157
452
143
329
658
44
445
122
217
354
70
662
510
89
225
719
671
468
723
212
484
405
764
335
746
481
490
79
921
496
354
982
323
748
692
902
262
353
239
167
219
300
965
244
111
342
456
703
410
699
269
162
391
669
720
944
203
703
552
474
826
535
156
950
414
243
950
830
289
88
519
757
965
423
715
631
409
633
510
961
791
540
768
294
180
846
117
180
96
817
888
367
295
480
801
764
143
921
924
976
267
859
884
746
78
42
407
375
404
457
700
517
6
912
651
810
517
206
708
893
609
536
930
28
777
498
297
288
414
405
470
110
995
66
630
208
0
958
978
396
832
263
265
307
63
142
894
204
32
741
100
377
509
675
119
491
528
622
117
834
410
960
684
759
475
596
446
662
361
771
675
910
932
826
373
19
161
199
18
342
93
4
597
378
453
459
974
154
772
603
891
698
973
257
279
820
673
130
19
612
378
560
522
269
145
179
889
789
782
459
622
918
342
571
199
391
985
519
559
555
468
218
182
624
829
609
206
555
134
372
893
9
851
278
623
353
951
378
835
969
596
169
850
926
385
505
67
360
233
360
483
221
82
570
475
36
291
735
266
221
66
49
612
255
236
748
627
178
798
966
165
127
92
753
855
261
336
199
57
141
677
662
665
351
44
716
188
646
559
996
802
282
948
681
577
501
109
739
957
57
637
584
527
279
645
276
171
115
809
764
183
110
220
512
873
675
827
271
968
543
185
927
238
195
766
509
419
811
397
122
421
900
158
823
728
658
753
210
345
743
853
641
159
91
352
102
115
520
335
876
551
333
840
402
238
782
238
101
699
234
149
714
532
989
783
604
272
710
798
899
462
539
859
990
624
356
911
802
480
814
512
195
674
305
317
2
851
468
285
512
136
264
533
435
185
898
441
334
823
564
214
861
460
958
349
762
146
625
626
153
599
317
269
147
464
732
528
185
364
742
635
359
146
150
69
380
52
805
796
446
278
869
623
491
282
752
185
701
222
371
344
270
953
621
23
445
513
564
505
47
145
691
984
977
537
52
165
53
350
948
248
932
388
183
465
355
953
346
896
808
275
976
35
511
29
918
158
56
806
507
632
859
874
234
995
31
582
115
348
63
606
705
700
503
369
284
838
661
575
154
818
875
890
345
249
572
627
697
98
741
790
176
181
998
544
125
838
441
248
929
731
194
892
979
793
199
134
931
421
491
495
265
719
181
649
527
195
790
859
812
467
283
73
938
775
552
923
179
951
614
895
839
82
405
129
809
672
550
753
100
549
634
670
295
406
799
226
88
433
445
150
952
392
723
192
611
159
944
89
116
975
287
580
566
521
993
244
533
446
873
997
678
375
453
70
461
889
593
525
278
643
688
235
406
507
125
610
458
965
774
436
416
821
683
286
885
520
734
245
622
734
979
23
307
707
249
510
809
446
682
376
791
857
80
626
756
410
344
487
727
641
51
435
694
371
818
693
483
438
203
684
308
423
234
225
74
705
737
814
757
862
442
541
77
994
52
148
956
206
261
143
346
291
423
799
865
775
966
106
498
757
456
658
727
64
30
618
51
648
267
655
247
121
810
939
263
95
213
936
788
503
243
363
995
906
409
623
974
155
189
595
817
307
422
342
79
554
248
451
990
705
295
248
129
478
978
955
693
784
810
206
870
644
219
554
34
295
242
243
598
133
39
323
776
41
669
689
396
453
96
131
859
861
990
585
778
927
393
596
159
341
500
415
648
711
372
357
807
154
721
75
217
70
165
215
623
31
404
498
543
593
269
226
843
521
392
738
937
194
64
870
973
398
579
402
172
518
679
570
570
67
359
848
71
61
399
289
894
468
12
577
982
542
719
0
340
680
948
324
416
512
486
409
823
938
982
247
553
386
371
924
100
202
772
833
305
708
900
328
269
666
749
46
242
371
728
414
967
449
211
807
622
849
948
542
685
835
821
111
735
139
705
304
851
614
287
614
589
113
852
973
716
519
45
874
452
121
526
819
788
59
444
121
331
909
762
60
679
311
546
464
798
568
193
832
496
481
800
552
733
581
697
94
811
116
207
36
338
104
441
31
316
631
784
820
79
899
263
612
445
479
850
325
350
203
674
251
924
561
153
622
839
456
896
958
186
57
713
820
694
368
522
27
813
101
239
767
306
764
811
613
535
802
232
19
367
842
477
1
469
39
591
40
613
50
708
290
385
669
916
595
910
929
376
478
457
597
760
66
748
417
23
335
486
866
130
420
657
22
185
987
221
146
469
871
125
410
875
980
937
562
807
504
444
306
868
216
175
527
403
206
741
575
539
514
48
373
392
711
92
247
175
504
643
308
848
954
745
89
933
843
280
766
323
3
351
525
118
770
342
490
937
914
222
625
558
815
190
380
507
388
913
293
614
544
254
763
131
441
672
144
979
623
144
130
271
860
287
344
805
595
16
672
698
767
189
758
537
829
561
831
603
724
422
903
927
259
488
640
892
333
474
829
829
761
631
926
332
156
740
260
866
307
772
607
733
883
243
597
420
76
791
22
679
838
756
94
794
498
224
651
883
100
15
208
322
856
903
9
897
514
493
40
492
986
866
488
195
160
49
575
709
237
730
369
216
858
420
82
454
804
94
164
193
833
295
11
627
972
494
357
927
103
468
118
436
337
234
90
179
574
637
556
703
223
673
175
261
761
980
587
636
114
410
667
854
161
610
772
631
30
926
296
862
402
416
268
938
831
332
79
886
179
105
676
648
570
900
329
39
66
838
369
859
59
468
231
769
262
624
997
15
484
470
811
477
203
618
699
29
29
528
469
692
41
147
575
657
278
834
607
181
301
225
388
668
967
476
817
787
855
529
924
482
881
78
238
725
610
24
355
765
722
942
165
612
304
525
92
25
508
957
905
192
611
204
571
630
94
930
506
860
276
421
529
993
226
382
497
197
272
115
452
227
630
374
423
71
886
366
108
913
347
892
471
288
915
977
887
570
321
238
727
346
566
692
294
836
225
302
164
662
612
203
174
519
633
72
83
364
325
94
703
664
348
247
440
484
213
271
40
871
295
489
803
16
148
335
202
250
973
366
166
991
671
737
744
0
540
804
177
964
396
500
229
719
454
78
534
276
514
182
702
407
289
825
405
276
991
940
204
804
31
926
320
233
495
691
51
823
854
251
552
982
956
210
542
237
305
425
359
34
904
102
281
71
501
999
556
943
837
629
525
321
885
710
26
75
214
411
791
164
775
307
177
171
172
911
929
939
701
777
412
763
786
559
224
321
829
52
937
472
744
192
589
114
186
430
572
615
732
839
628
453
128
854
908
690
756
659
488
569
907
68
4
114
637
145
949
101
865
166
580
191
848
415
860
822
507
551
366
586
263
217
962
917
968
450
953
340
500
575
513
358
114
219
105
677
411
284
70
378
591
815
869
910
59
520
1
574
354
911
399
366
873
383
928
34
511
641
872
97
205
609
573
331
138
367
569
148
443
0
11
681
689
382
307
235
371
957
181
58
462
407
320
739
633
547
704
77
134
418
880
272
750
82
204
303
796
558
301
864
845
613
398
258
766
698
288
486
783
613
841
449
423
80
897
896
160
444
896
341
444
988
546
658
328
842
213
347
295
594
629
873
274
348
126
916
895
349
554
624
680
136
386
179
62
952
482
670
685
714
385
379
441
545
22
382
441
642
842
558
771
489
465
558
697
955
290
719
3
830
970
713
149
542
195
777
362
265
547
301
680
757
786
766
54
424
116
749
603
528
137
57
57
477
377
712
931
788
795
292
18
925
751
296
430
447
683
491
467
706
988
132
466
645
453
871
137
17
756
470
942
614
115
988
144
932
516
302
494
565
209
979
261
26
3
485
3
763
233
824
985
178
980
451
905
442
776
317
245
92
454
594
592
914
527
518
488
288
923
937
828
536
140
683
514
581
948
338
429
770
966
609
685
571
124
955
871
884
45
753
623
169
609
417
539
742
863
840
938
352
454
96
844
83
931
797
420
950
164
780
579
812
738
166
31
684
140
212
388
235
889
619
377
216
742
34
6
705
882
169
37
220
925
436
303
656
664
40
152
941
345
918
102
601
445
838
645
69
100
661
183
359
375
378
146
953
493
21
834
82
311
978
257
132
432
253
740
534
921
621
208
882
308
494
724
145
415
761
849
958
427
455
368
489
70
983
658
477
622
60
638
915
615
66
766
848
726
482
3
597
255
772
851
245
988
892
720
821
247
328
122
103
435
617
295
383
277
177
874
170
704
468
114
379
762
186
125
272
681
235
789
325
490
748
737
255
675
905
903
835
279
955
409
632
786
44
165
938
806
265
145
865
509
744
967
946
223
649
357
828
287
730
265
725
185
61
451
814
311
197
939
693
117
849
276
193
801
40
721
115
735
502
56
307
619
22
980
224
440
792
647
388
121
124
983
944
102
320
504
348
425
607
499
801
802
475
293
882
848
852
251
704
808
473
813
758
275
846
785
349
123
975
641
505
414
452
503
955
39
549
336
655
897
384
335
97
413
88
884
12
486
65
124
99
579
18
90
164
533
865
486
593
953
581
846
713
752
152
466
567
301
403
84
825
263
879
975
883
0
665
472
573
93
974
483
291
335
768
719
683
872
439
804
524
578
251
531
765
837
304
287
652
624
723
811
856
178
157
796
529
113
46
873
310
163
444
784
799
563
843
994
925
358
31
234
79
222
416
826
630
958
629
462
450
784
909
509
502
348
617
182
770
809
254
63
416
849
50
796
281
792
156
837
249
405
513
352
256
5
765
858
954
595
791
32
266
292
920
563
426
435
836
363
870
112
642
251
530
887
777
829
456
518
643
399
695
86
167
743
424
86
777
611
371
508
789
580
234
630
668
356
276
152
798
117
997
550
49
268
739
133
176
278
180
741
32
993
518
825
679
606
712
130
957
302
495
649
568
539
859
548
626
128
684
867
126
227
615
387
643
178
653
330
48
308
301
428
537
90
656
166
841
149
686
537
833
305
88
553
943
347
942
767
58
119
194
67
317
94
788
622
314
437
23
39
761
401
339
820
401
394
332
236
390
661
676
139
420
695
429
109
907
758
649
278
715
194
870
58
578
893
412
296
972
198
352
12
394
348
110
894
190
465
146
589
933
205
376
111
294
933
246
325
323
603
214
275
142
912
688
566
454
880
215
113
89
541
826
49
364
254
262
824
424
96
451
359
255
693
548
295
289
949
715
633
464
491
468
988
906
530
840
904
896
551
989
817
162
472
148
374
798
997
44
362
185
6
581
35
12
814
319
801
794
598
228
745
242
341
75
851
600
231
270
40
801
555
430
656
639
929
398
27
161
539
302
926
342
844
553
761
267
31
113
478
924
665
393
564
744
153
530
798
72
591
834
990
400
243
995
845
599
775
944
935
860
152
181
970
258
648
63
264
725
192
490
678
349
325
34
812
930
704
163
37
961
418
141
729
638
351
274
338
538
803
66
683
944
114
194
152
314
924
96
929
497
385
538
721
229
986
655
95
170
81
669
746
931
913
709
746
795
624
925
357
818
267
28
903
100
555
683
166
689
872
546
957
104
779
249
198
53
216
512
142
469
916
504
68
904
971
812
257
94
117
202
327
516
281
543
883
425
915
58
909
581
82
759
434
706
317
607
671
797
512
309
568
246
921
564
418
357
416
168
990
632
734
659
943
739
725
537
799
887
408
93
316
214
844
829
105
334
792
36
202
692
297
431
39
323
353
506
717
493
1
483
865
680
852
750
407
149
334
155
642
629
796
630
989
69
374
534
529
964
771
488
592
531
923
780
409
628
11
816
853
69
405
603
386
615
230
693
885
898
308
758
293
436
455
108
870
650
814
632
388
677
134
747
144
361
671
173
119
802
240
887
