449
872
236
666
944
525
636
607
282
163
775
152
520
731
231
31
568
252
6
565
16
265
73
197
132
23
516
643
961
589
998
639
403
940
798
719
516
65
918
676
774
912
560
595
675
115
590
502
195
196
181
756
334
87
557
55
866
76
362
436
151
140
487
593
577
105
788
794
734
371
469
380
505
904
110
325
766
60
771
227
903
57
804
845
382
448
401
903
323
177
506
554
185
16
219
867
340
456
134
371
46
684
225
335
355
852
873
800
385
445
95
205
275
436
730
688
88
60
197
87
55
702
475
140
750
184
552
879
564
105
154
914
92
884
432
221
475
331
921
923
243
22
657
340
169
724
743
285
963
506
850
389
46
586
189
90
887
949
88
179
553
955
866
567
559
26
652
318
986
870
23
813
941
256
633
296
943
570
324
460
176
778
575
819
320
253
265
747
220
862
811
385
187
167
677
690
24
39
756
970
512
788
410
40
431
947
975
874
158
414
879
645
480
509
364
56
332
920
14
441
29
276
175
176
545
692
763
859
719
26
160
121
413
966
707
387
785
70
716
168
182
183
746
24
512
275
58
75
348
595
372
411
178
23
254
367
676
971
621
402
924
732
57
547
553
4
465
854
194
242
431
411
46
366
421
533
267
987
272
454
830
6
275
649
418
270
895
72
668
772
746
23
343
541
254
857
995
829
164
425
204
486
240
132
824
706
631
485
624
966
166
600
978
207
52
595
623
129
259
234
345
814
563
483
263
244
568
25
380
322
516
996
245
235
344
225
322
740
960
478
814
475
748
985
34
513
190
137
783
586
817
165
963
913
654
916
862
737
125
557
245
458
90
448
102
257
486
115
853
491
992
26
654
651
35
217
437
490
410
916
475
30
817
9
353
607
765
212
666
165
367
91
163
702
917
643
447
567
722
899
697
544
704
623
920
501
122
200
130
267
54
250
930
496
355
206
548
989
104
473
92
704
45
101
985
541
726
126
303
750
117
432
637
739
231
215
900
979
418
670
794
691
700
908
966
654
304
332
316
414
573
21
907
9
688
585
990
256
403
657
48
333
350
937
427
171
709
728
74
906
106
731
613
938
316
643
821
120
847
492
929
487
702
854
465
609
671
217
497
847
766
981
944
949
645
472
625
496
131
4
505
748
682
552
739
674
565
421
16
615
713
460
395
379
715
190
76
440
146
428
27
177
327
520
376
173
235
692
456
396
951
170
379
145
490
131
131
353
38
892
263
35
940
5
226
744
66
996
797
309
578
786
372
526
988
148
848
222
199
317
416
268
556
729
998
608
115
69
647
455
490
686
858
379
882
800
901
566
837
152
180
432
974
923
60
807
119
23
448
183
929
899
273
75
487
707
787
826
756
799
949
949
902
653
217
592
203
811
941
782
35
521
521
202
654
71
354
116
16
683
919
553
593
126
994
335
522
575
521
358
853
583
438
130
116
87
643
489
341
607
66
888
133
185
844
651
18
294
256
876
901
415
590
4
672
446
821
520
60
485
634
941
695
287
482
783
972
502
25
831
586
125
732
171
762
903
452
914
707
720
804
768
928
723
445
79
957
211
728
663
198
109
372
415
881
70
720
484
932
625
139
945
698
60
666
408
250
956
75
72
744
77
703
496
640
22
52
962
785
301
892
588
959
263
640
331
787
227
994
296
694
632
113
640
355
11
334
167
317
766
255
76
394
461
465
19
350
18
867
15
570
732
297
838
63
284
694
578
102
120
182
612
577
915
731
828
711
644
166
270
148
510
728
823
767
728
570
857
689
326
930
236
738
816
126
53
158
186
910
219
824
172
133
543
134
82
824
60
229
686
867
872
86
580
512
313
753
407
465
19
825
10
704
497
329
2
837
59
53
434
784
727
268
943
431
530
540
957
418
832
454
1
877
307
939
281
814
953
552
320
639
305
14
655
470
615
622
496
84
542
483
244
395
445
519
289
164
965
971
44
351
978
241
749
371
8
908
435
889
791
443
357
780
538
513
219
396
277
745
180
564
910
648
513
16
662
515
666
155
103
459
599
352
39
222
922
495
662
120
779
186
53
714
772
848
567
201
951
770
44
138
460
405
596
909
351
199
769
199
362
733
384
269
327
268
434
573
880
199
213
167
570
969
600
269
655
771
496
191
779
232
188
249
346
310
591
17
320
688
567
596
729
194
578
824
378
301
681
87
47
100
631
802
207
622
403
252
924
749
987
985
848
309
84
375
677
649
840
724
731
275
264
40
23
874
474
476
353
537
548
563
679
854
442
704
841
416
908
888
565
181
427
17
980
882
749
356
660
60
151
407
575
943
707
645
260
773
355
274
373
649
836
578
633
853
662
713
842
977
131
481
697
508
526
183
520
951
142
806
33
688
51
905
62
725
921
371
825
699
290
657
700
965
593
90
595
224
332
902
489
47
801
341
968
138
485
537
725
636
328
191
899
413
93
986
847
77
265
185
700
195
146
529
352
397
970
69
86
601
515
966
582
259
750
630
162
215
527
297
834
409
779
750
730
851
852
42
570
503
580
903
934
774
41
491
791
513
760
259
459
582
837
833
600
60
217
51
359
618
437
143
534
398
142
804
526
354
465
234
87
467
273
349
176
684
351
766
931
464
394
18
664
272
639
55
241
556
618
85
7
501
718
913
731
82
937
448
655
777
20
577
166
481
465
196
136
213
13
42
435
755
17
716
719
278
595
417
416
738
243
58
618
982
203
377
312
758
325
90
85
481
468
320
95
176
380
122
128
81
219
704
111
82
108
569
6
946
329
94
253
413
17
309
304
686
443
998
77
146
642
450
312
26
945
102
842
73
185
194
63
47
416
758
55
653
788
31
975
586
561
191
793
46
47
251
9
741
551
633
578
86
863
329
968
244
684
259
359
580
152
177
684
840
613
215
507
636
657
944
905
551
498
43
362
685
75
382
510
706
663
137
815
1
605
766
518
470
637
55
510
921
963
225
33
924
305
704
227
14
114
387
676
394
604
842
969
265
717
205
413
487
402
222
236
205
891
649
256
10
315
683
912
207
471
497
53
267
549
323
119
661
271
289
232
168
672
780
534
844
534
72
159
114
720
64
41
128
618
179
312
670
487
262
395
208
407
466
448
109
121
559
607
799
114
353
653
436
982
674
266
596
958
576
557
964
291
768
342
787
626
99
876
763
945
608
240
738
904
451
826
121
124
133
563
541
32
595
779
724
69
803
283
50
292
692
709
77
577
365
467
854
858
697
510
801
503
698
176
38
741
780
323
249
918
387
539
582
60
575
354
602
262
839
691
854
553
404
89
301
602
584
496
352
203
574
604
336
4
435
145
932
332
93
979
939
352
899
72
276
404
702
418
68
448
687
40
544
860
9
232
147
343
775
190
427
884
873
384
119
78
419
77
131
806
343
595
376
370
637
680
325
376
391
611
395
468
410
100
471
974
346
273
705
871
292
523
341
837
586
137
943
614
179
579
701
90
25
873
712
635
263
796
786
465
139
173
358
489
464
86
181
598
103
414
261
979
879
921
711
872
946
286
800
755
402
242
824
824
716
278
370
68
371
605
835
567
216
409
703
936
538
966
496
309
208
454
840
19
206
790
41
435
800
785
954
438
240
876
805
290
766
946
511
917
481
201
536
681
745
453
676
489
710
851
201
787
438
561
970
830
643
988
187
614
236
953
637
390
470
200
836
173
841
542
32
685
271
970
73
520
619
43
262
155
527
375
128
959
880
663
914
813
486
353
124
442
726
942
353
828
866
222
925
268
685
96
795
364
655
439
445
899
280
745
717
126
922
617
764
554
399
360
674
855
189
639
949
55
215
736
37
759
831
326
503
309
816
170
704
275
401
120
845
43
14
729
729
228
297
105
415
11
938
780
288
405
138
581
878
764
30
919
202
216
458
184
820
904
68
995
401
226
43
972
281
815
120
225
794
698
211
815
575
643
449
651
461
398
948
667
479
753
972
140
792
487
541
380
546
838
817
330
956
48
207
709
881
488
971
67
839
643
921
708
557
169
268
301
705
331
92
529
976
384
224
645
255
187
799
482
402
999
285
769
19
598
284
954
661
510
489
918
601
117
73
958
793
950
204
355
499
956
273
319
409
887
210
515
543
885
344
507
300
218
938
39
668
291
755
547
756
664
906
506
480
504
781
190
603
753
912
339
61
512
123
101
705
902
970
430
343
940
753
917
199
968
87
396
256
264
866
848
120
446
764
926
452
445
853
244
658
987
360
310
341
336
666
923
449
246
785
367
848
41
529
697
485
592
357
464
870
445
724
593
895
457
153
108
925
68
719
177
983
700
293
925
796
715
623
49
505
70
782
436
218
827
105
208
356
843
379
699
568
321
662
39
274
473
936
811
810
828
277
723
26
115
302
670
386
266
177
191
697
7
633
47
117
499
71
96
437
649
633
389
676
332
178
888
640
142
362
860
524
670
119
604
515
329
219
403
807
92
905
278
665
257
555
974
945
513
485
923
168
41
911
654
27
783
695
525
659
287
149
677
219
329
995
522
138
613
725
43
722
90
309
220
168
731
843
291
373
884
563
231
644
995
246
214
885
394
565
855
185
372
99
55
783
798
819
95
399
344
579
573
837
180
359
842
87
214
337
205
274
116
679
14
779
360
53
621
90
516
69
924
891
734
860
82
376
860
967
458
153
841
781
579
518
537
415
721
190
361
653
220
25
738
675
479
675
624
756
260
145
686
950
302
105
653
551
446
357
556
205
659
913
65
180
12
478
129
763
111
829
541
256
440
40
302
318
50
717
450
324
577
596
767
808
235
507
280
444
900
360
486
535
961
543
80
399
888
325
950
925
22
244
690
385
800
399
920
769
599
249
375
340
389
721
880
244
189
129
407
283
562
751
201
348
846
259
661
910
519
474
477
45
141
795
223
593
838
456
422
419
213
895
111
629
345
769
937
17
842
122
236
661
154
867
349
733
545
933
457
961
121
311
521
961
603
961
660
511
922
601
203
284
966
702
473
93
924
492
569
815
556
295
373
713
922
316
68
169
434
252
987
345
438
954
375
211
298
807
394
11
482
659
909
612
610
71
989
950
669
913
737
719
210
272
834
119
484
441
515
368
641
561
716
701
350
28
130
258
561
53
297
349
551
958
980
812
111
523
524
191
494
258
656
39
828
565
740
639
55
324
645
202
742
324
211
142
801
661
360
191
640
771
808
22
761
330
114
683
654
928
886
425
142
253
567
18
722
806
387
578
915
547
664
472
298
821
985
930
800
412
969
865
839
384
544
373
576
111
28
26
407
46
754
731
420
899
733
285
580
514
246
16
175
663
804
905
779
524
422
339
721
187
583
760
70
974
296
523
757
604
469
31
450
223
217
573
970
628
675
170
378
795
125
879
85
496
90
389
178
952
545
417
5
784
383
52
533
435
961
670
198
850
970
52
616
457
2
656
567
680
472
464
236
103
545
873
652
69
266
277
400
51
554
594
693
276
811
78
340
88
379
792
629
929
326
137
183
869
14
762
283
494
925
815
794
319
130
781
252
216
939
848
563
579
522
8
655
775
99
637
355
69
725
945
72
353
583
796
649
395
260
758
254
15
930
640
605
906
680
164
397
199
902
774
541
953
929
947
597
825
735
922
123
401
655
727
921
674
117
935
188
627
693
281
520
924
334
442
971
682
866
660
591
555
274
960
884
940
662
169
822
473
462
587
402
998
395
52
398
643
257
386
730
45
137
517
882
403
546
494
877
117
536
687
11
788
432
933
362
430
250
820
465
273
352
450
937
354
878
607
561
286
659
907
882
944
55
729
42
372
997
690
524
500
411
741
359
674
775
453
190
661
861
516
960
47
198
255
385
854
379
929
65
129
234
724
3
510
320
493
233
257
144
624
94
311
387
861
940
724
960
441
567
530
70
487
642
284
584
440
688
234
648
97
862
901
687
220
367
45
979
394
56
448
698
48
453
310
231
399
427
419
971
976
143
749
861
511
375
279
117
375
400
350
5
199
40
601
441
940
997
742
953
631
709
842
396
176
447
681
887
19
554
512
743
834
13
686
859
139
391
66
198
820
896
945
483
940
751
967
249
123
597
376
33
412
689
839
534
386
374
727
405
394
355
720
541
720
257
61
560
772
754
875
482
765
159
116
450
798
211
469
118
705
87
845
724
258
861
807
127
749
513
569
543
811
996
38
884
32
171
713
403
816
360
748
114
364
463
543
985
799
4
84
81
783
371
931
634
0
152
386
520
730
288
519
397
334
247
657
549
332
499
604
701
762
169
387
101
928
991
98
504
815
546
524
658
379
33
539
778
550
89
183
776
256
179
937
8
572
403
40
103
340
665
812
173
175
277
304
868
466
911
469
137
957
317
237
464
447
409
157
812
597
34
543
520
183
578
71
287
443
895
388
371
7
614
1
180
865
309
981
703
913
607
696
113
953
166
407
836
635
979
161
802
372
178
83
399
528
557
824
324
718
453
405
504
677
968
261
722
487
23
865
845
669
911
474
75
307
235
257
901
750
512
47
217
419
313
152
550
769
708
918
308
634
940
763
607
390
800
263
742
9
244
443
631
990
871
852
301
836
37
444
44
64
686
662
172
130
295
305
668
12
303
959
609
49
748
406
344
115
935
30
520
944
861
172
348
365
983
998
15
131
685
896
672
473
399
511
649
370
580
901
706
593
62
676
771
594
637
477
402
211
339
475
514
347
896
476
613
977
728
200
778
400
817
277
522
106
529
914
344
154
456
499
408
239
457
148
674
750
967
394
726
38
38
398
353
586
671
819
761
866
32
330
94
324
211
987
282
18
406
79
522
971
811
396
773
910
409
113
372
3
162
75
51
581
662
183
776
574
105
632
225
841
272
451
106
966
706
929
431
889
36
102
927
156
829
160
826
190
748
353
868
388
710
641
370
519
133
565
692
302
949
316
388
565
809
908
63
166
741
745
9
863
181
662
638
589
598
95
846
360
827
613
496
550
236
19
466
460
282
706
656
306
557
312
195
935
217
238
924
541
822
577
546
317
816
328
912
694
967
472
442
395
447
917
1
147
426
35
148
477
460
348
90
666
576
26
614
5
754
22
522
785
820
538
823
947
596
789
644
976
918
69
941
431
854
945
70
378
801
855
712
497
397
588
130
775
558
602
868
993
658
503
561
677
671
12
723
983
163
82
371
714
269
164
232
301
746
265
959
59
714
80
781
448
108
410
18
568
815
922
974
578
619
808
456
230
143
582
76
515
836
602
572
36
130
774
691
996
570
260
174
247
347
46
468
418
289
917
631
830
795
904
971
833
540
648
959
78
604
873
506
94
687
164
64
311
751
419
485
972
454
971
785
77
254
129
140
888
84
335
259
816
778
902
388
61
308
856
999
396
254
478
430
201
468
399
838
754
442
818
806
77
509
790
40
997
282
672
262
801
621
470
366
934
108
538
313
190
725
384
144
368
357
723
288
242
915
828
64
893
349
965
640
856
761
997
828
0
646
221
713
798
708
787
288
64
961
172
625
381
342
304
369
795
546
440
239
556
213
323
11
801
447
122
456
780
521
456
980
620
628
894
6
677
674
102
999
703
650
902
156
417
159
575
59
252
283
199
307
868
224
644
361
325
79
754
521
18
477
918
666
244
339
476
604
400
757
350
654
122
781
862
835
314
392
975
469
92
865
838
702
676
101
902
970
161
887
61
121
129
837
257
227
261
259
791
764
623
646
821
43
137
27
86
310
480
705
934
264
49
653
863
726
563
141
331
798
13
110
746
800
137
25
927
417
145
164
398
534
465
782
689
63
877
197
948
556
20
979
5
516
565
605
120
403
345
622
281
515
202
588
555
663
226
610
577
860
911
198
59
217
902
51
483
89
549
161
257
270
197
308
92
168
464
51
121
550
767
41
225
364
55
225
894
302
277
214
366
588
120
337
108
374
910
791
619
602
137
625
324
939
507
5
450
876
344
845
652
774
732
575
755
295
981
525
212
100
329
70
416
575
411
621
778
892
858
320
97
185
938
124
199
612
839
62
761
98
119
213
232
172
72
919
814
900
394
825
925
466
886
467
429
368
968
922
109
612
808
408
572
671
559
793
200
289
472
224
751
535
477
978
652
400
316
680
468
877
329
59
489
63
77
603
695
221
519
249
877
701
987
501
286
459
152
602
848
297
455
681
805
230
952
260
905
369
919
684
667
631
591
460
24
580
261
128
923
263
873
136
57
352
312
569
365
126
950
582
703
220
690
75
427
629
90
314
719
248
497
738
948
909
302
397
457
264
958
672
412
261
381
256
667
477
633
491
58
656
192
901
525
436
779
260
705
356
50
694
630
764
898
98
503
164
357
532
917
852
617
85
577
159
403
578
689
315
725
899
197
904
198
255
578
806
785
310
150
908
233
551
837
134
827
468
108
191
500
899
572
872
613
661
953
775
684
668
844
363
293
105
501
902
368
476
629
989
165
744
91
421
885
101
582
366
451
768
426
724
252
592
790
107
250
682
197
331
975
928
124
140
968
405
348
324
111
692
415
662
70
834
977
206
33
464
607
259
403
670
475
371
212
541
443
365
761
339
86
227
108
356
488
655
78
7
392
711
682
631
712
300
580
995
909
447
546
753
321
333
938
990
389
149
988
272
138
247
841
576
745
200
156
18
401
779
343
639
250
322
114
389
496
861
704
933
810
274
538
982
475
205
8
64
193
482
36
147
756
377
810
553
193
697
342
345
296
801
716
477
354
979
749
591
479
97
376
727
23
148
736
464
487
675
29
140
495
433
357
357
377
867
220
342
796
272
130
65
875
105
540
378
256
218
477
227
644
18
463
745
475
248
876
648
811
406
42
219
790
707
263
694
353
387
16
535
44
650
296
42
810
562
88
180
627
448
266
122
713
189
754
268
447
84
543
276
873
783
318
979
696
415
840
782
4
868
69
404
543
433
929
900
47
604
326
708
260
485
626
701
140
436
739
558
107
344
328
157
599
982
521
85
947
78
258
309
689
28
484
437
22
165
196
703
497
384
152
931
836
16
615
450
350
839
833
96
743
893
671
4
886
433
12
882
864
88
996
563
202
844
220
339
560
726
506
739
575
382
390
103
848
906
601
691
806
270
844
274
763
699
557
56
669
595
78
232
655
12
542
432
605
315
469
492
895
706
650
968
666
797
558
626
219
658
262
879
942
624
813
773
926
905
745
920
318
482
935
377
415
290
1
868
699
233
583
801
809
36
428
646
426
158
802
419
684
185
824
229
156
53
403
415
113
296
75
270
239
599
728
844
594
539
252
423
787
112
611
83
280
354
416
861
14
249
497
81
402
38
823
95
889
502
278
777
325
63
932
377
577
473
296
841
990
247
952
482
911
557
992
368
865
405
343
838
24
573
180
894
350
410
569
660
549
171
727
884
447
503
779
345
444
425
639
23
524
309
371
491
845
667
630
674
479
340
872
791
86
498
850
425
392
901
992
172
280
819
501
975
954
391
88
110
456
798
918
32
772
798
791
804
871
560
126
463
921
951
819
377
337
345
131
386
512
518
27
247
730
927
976
969
205
72
947
440
732
425
291
955
126
657
572
763
235
612
702
417
342
976
241
13
113
994
112
241
814
142
155
797
282
302
761
540
911
834
685
471
362
697
777
96
865
703
848
618
457
760
49
895
551
717
41
250
22
580
39
366
985
60
702
102
57
473
159
807
905
604
245
635
936
31
853
207
390
696
837
679
27
428
780
777
405
726
667
935
640
264
627
425
138
505
774
42
447
295
330
338
907
183
812
964
319
331
929
24
990
35
299
860
935
599
209
855
949
356
576
518
814
765
977
458
969
508
787
25
276
577
435
917
221
82
416
90
575
828
572
731
767
993
304
368
679
514
271
905
50
438
607
46
361
756
891
257
526
350
468
596
944
991
24
312
806
150
403
941
503
707
582
729
713
17
238
779
721
668
903
151
226
374
840
399
601
5
96
599
745
414
321
593
746
160
348
971
976
642
893
350
713
15
616
864
246
964
492
268
798
350
432
33
47
809
203
520
590
999
16
938
449
493
698
762
324
269
580
326
857
759
317
907
707
985
561
201
292
25
75
309
77
872
346
207
39
193
401
723
888
18
468
947
280
483
960
605
212
757
826
489
538
37
187
342
334
176
234
789
740
873
538
741
304
569
597
545
779
918
449
615
22
903
731
747
532
759
314
996
523
89
581
324
923
187
23
213
338
405
841
354
295
515
673
236
653
801
834
599
730
552
444
172
561
214
245
440
854
34
744
405
32
752
109
375
499
97
425
378
270
512
56
842
546
904
424
763
573
418
560
906
246
765
721
971
738
534
147
580
13
427
315
602
93
259
763
403
948
761
842
828
420
360
478
411
672
96
976
192
712
361
47
984
261
872
0
114
358
776
500
702
667
3
98
257
952
681
126
150
764
344
426
386
42
837
636
207
39
90
824
692
526
529
192
266
369
895
241
610
432
804
760
253
54
394
781
36
202
43
710
274
564
657
479
406
129
624
449
285
297
991
777
495
902
143
818
937
207
426
253
995
935
577
616
203
536
711
60
42
331
465
420
717
852
378
315
143
945
121
837
453
516
846
953
970
770
150
213
859
610
771
387
174
650
775
915
199
358
402
712
371
403
18
623
801
252
899
557
149
490
824
577
735
121
808
786
779
256
52
826
882
761
103
539
881
26
871
433
569
891
860
288
255
914
871
383
596
971
717
374
344
731
947
676
67
887
204
484
956
761
145
32
301
659
9
918
686
87
593
874
161
86
581
189
758
399
143
389
160
106
199
245
944
678
501
302
137
480
771
333
595
653
446
135
628
729
174
275
987
289
228
103
503
782
4
822
776
827
51
792
460
642
427
730
533
769
748
319
81
682
349
167
394
571
763
136
590
748
537
674
786
591
321
215
107
709
210
211
805
206
531
440
448
144
350
165
759
717
512
216
251
94
953
361
112
357
463
194
365
609
64
492
146
691
671
931
629
409
614
852
638
280
310
574
60
535
795
199
870
738
875
248
215
276
543
604
108
657
635
165
112
27
203
416
498
323
871
201
781
850
881
858
433
529
372
896
912
926
527
23
715
15
402
528
221
68
881
431
576
552
694
65
903
672
507
910
572
888
537
836
188
818
243
884
415
400
30
505
68
708
189
141
436
6
992
630
37
966
204
850
75
626
777
607
98
266
704
518
463
362
308
409
152
752
643
130
945
150
780
958
112
466
291
138
315
133
794
60
576
353
859
254
693
967
812
430
433
415
929
561
99
384
80
122
498
211
593
109
909
699
749
745
4
832
57
605
390
557
219
482
500
662
132
274
886
166
286
335
165
80
655
206
704
636
775
870
731
572
86
876
565
7
482
745
760
94
816
982
143
710
465
254
923
285
647
390
710
16
407
352
228
644
833
630
406
300
870
709
569
867
986
799
231
770
618
302
773
428
72
486
44
992
988
434
403
894
741
626
285
118
176
371
311
5
752
856
861
993
104
160
182
16
261
559
829
652
286
457
953
825
664
412
703
538
37
470
22
585
86
551
563
733
617
512
15
553
876
684
94
139
930
902
488
522
589
379
878
588
174
873
893
934
681
64
791
757
884
272
235
805
297
44
97
936
313
822
922
426
76
226
959
362
671
775
321
243
525
795
193
251
457
446
170
988
10
595
347
793
288
146
785
355
398
297
269
998
801
741
66
717
96
907
377
557
365
851
496
689
259
888
728
49
567
465
38
640
20
468
477
990
338
859
794
692
751
279
296
694
945
941
461
341
90
926
637
822
308
595
45
957
391
817
730
126
34
681
971
597
414
923
348
732
609
108
437
317
426
573
995
73
632
486
341
97
615
331
321
523
125
630
680
567
930
750
47
129
103
6
192
450
73
744
728
139
470
980
802
929
599
235
244
383
470
369
848
904
874
179
151
533
928
581
401
86
988
471
127
444
281
513
604
214
285
564
521
298
8
563
657
39
159
706
525
376
396
278
880
35
472
141
141
691
852
159
816
972
156
5
714
957
398
737
561
186
209
790
391
802
176
33
290
814
793
665
916
308
602
827
780
115
892
129
909
343
826
844
53
567
595
223
920
757
774
910
630
854
182
375
371
747
646
335
437
239
438
640
27
170
71
330
108
189
556
904
670
567
265
972
456
336
640
542
458
740
754
120
363
522
179
118
859
965
345
268
746
490
598
704
369
691
508
490
640
124
992
769
935
181
914
880
49
327
804
688
334
2
242
456
528
613
817
827
784
23
762
633
154
791
256
704
518
335
176
708
368
671
137
572
354
271
237
759
608
475
471
935
925
374
93
397
805
209
351
390
442
227
872
853
739
253
197
336
881
838
900
311
196
701
871
706
870
125
257
34
822
70
896
99
440
961
491
888
626
972
446
240
962
383
748
48
566
110
684
841
932
672
687
323
316
671
641
409
795
305
486
55
361
54
816
74
381
835
414
496
871
455
942
120
70
804
877
34
452
480
854
233
510
508
410
696
64
461
608
932
737
105
766
568
883
956
766
302
390
572
787
789
404
794
782
86
560
770
380
20
587
836
483
378
520
292
661
775
761
767
803
368
672
559
886
549
722
656
994
767
937
484
637
191
2
548
86
971
287
297
561
445
453
234
754
380
232
238
55
135
709
172
667
591
408
201
969
828
432
458
390
531
792
387
706
127
191
559
384
454
10
440
283
141
208
153
491
494
983
995
1
744
893
381
48
16
585
536
156
7
11
713
480
668
90
64
530
644
180
393
537
223
787
688
970
868
462
659
927
680
405
251
698
267
282
987
665
139
676
339
82
310
981
199
432
633
566
572
206
22
698
131
892
46
969
570
0
851
806
166
166
514
802
429
299
527
522
396
646
1
983
124
169
887
237
274
823
587
486
703
782
398
847
45
894
236
580
811
74
706
48
515
23
117
7
154
819
812
15
904
761
721
179
601
97
356
963
187
869
73
17
217
633
907
21
223
402
952
171
182
155
743
675
594
883
152
450
91
995
571
71
465
719
659
465
59
644
724
255
538
961
411
623
377
392
845
523
408
910
595
128
418
457
204
393
715
842
595
629
870
587
179
524
77
339
560
175
450
231
464
425
46
363
234
368
953
714
901
872
697
322
644
203
222
756
24
657
773
867
967
406
627
146
708
117
166
74
175
711
230
684
207
769
553
981
948
380
447
512
762
342
307
184
891
210
571
317
764
603
786
566
867
479
4
713
623
578
506
559
800
72
663
11
745
31
17
660
579
155
100
25
972
348
803
445
440
334
177
196
750
816
424
956
671
375
840
423
850
83
225
832
580
321
908
548
102
403
751
819
623
254
656
214
75
826
644
468
940
519
24
240
169
94
408
461
68
917
246
597
480
24
341
805
666
124
702
117
927
61
723
120
191
835
594
63
472
160
637
482
582
149
760
249
898
990
114
376
825
603
839
650
62
9
453
799
58
744
213
337
99
629
949
563
707
891
132
115
794
414
709
130
871
601
608
657
515
968
573
942
718
920
203
719
542
862
584
6
533
741
881
78
890
948
404
789
835
479
988
403
602
636
909
226
389
153
225
310
291
709
99
502
603
260
425
499
559
855
807
329
945
811
882
773
501
304
345
614
624
21
851
750
615
90
173
922
730
615
307
152
122
643
194
809
417
79
331
711
914
476
618
9
161
178
895
341
595
971
685
261
593
7
449
5
713
489
21
83
566
697
982
384
369
116
947
22
871
665
479
563
637
661
865
229
890
970
569
726
228
667
221
595
646
523
942
39
776
527
93
445
647
641
954
693
87
454
566
710
222
370
934
822
618
99
979
278
622
843
824
434
921
562
340
583
696
491
529
981
541
581
916
383
967
285
590
96
492
971
378
313
37
682
264
513
977
388
49
388
460
821
780
687
585
806
777
906
734
662
380
750
207
12
371
682
133
71
300
97
961
121
65
446
964
386
5
683
760
345
284
894
212
760
597
269
596
1
459
347
760
387
397
292
670
858
459
301
298
270
458
991
101
882
729
598
195
864
197
405
409
307
474
76
71
581
635
989
723
962
827
635
622
316
525
804
451
681
65
537
389
218
177
331
376
445
755
664
699
333
615
774
596
984
299
320
772
802
525
911
965
721
49
602
481
0
140
280
301
183
896
629
646
387
840
692
18
914
719
717
291
610
540
679
615
610
561
183
59
545
636
890
714
758
805
487
272
751
889
968
900
54
79
458
390
777
569
443
348
377
13
932
795
341
220
496
996
864
178
636
293
992
72
270
58
1
735
939
244
17
390
907
321
733
325
312
715
756
682
208
685
906
684
662
884
240
175
160
659
874
656
748
609
929
673
724
478
130
526
13
956
310
65
162
331
803
235
350
799
756
308
402
510
253
133
899
5
617
660
96
986
983
921
306
919
738
782
412
685
273
523
638
512
510
235
285
162
370
993
141
362
345
7
697
230
386
113
274
686
618
133
519
987
521
949
660
984
333
249
518
552
470
654
917
328
26
796
155
670
449
671
660
667
619
379
558
645
257
262
596
232
754
624
669
669
727
910
410
107
297
120
481
878
49
271
595
133
168
843
372
944
40
228
292
522
43
992
169
555
498
572
776
257
65
830
812
897
361
787
957
904
206
484
837
623
250
774
287
198
777
210
97
695
127
210
60
351
911
381
809
385
958
925
439
460
727
719
234
301
327
915
413
0
308
397
307
211
530
218
786
107
62
999
746
868
374
279
93
819
584
891
15
22
235
551
544
542
212
995
247
604
817
823
761
402
379
650
171
227
559
549
524
989
293
283
526
798
893
988
999
669
791
298
43
746
74
36
460
825
128
633
420
755
168
87
394
358
563
541
268
182
226
525
108
515
880
406
134
285
549
241
953
189
322
650
475
70
508
850
266
636
611
811
881
636
466
171
111
428
68
100
159
284
636
795
251
205
989
144
593
289
884
829
611
980
571
963
922
129
176
353
843
848
933
975
477
54
480
426
817
253
934
632
195
902
340
894
72
588
926
80
648
931
659
362
430
721
993
524
478
523
541
491
319
947
662
542
385
977
963
789
896
16
569
641
521
99
105
712
868
39
826
768
603
794
619
638
882
332
179
359
32
549
213
558
621
431
502
431
268
302
881
317
531
213
445
367
0
867
149
487
806
942
656
494
249
390
418
506
471
118
483
458
263
358
15
276
158
340
917
68
583
388
652
720
386
117
635
89
593
358
671
349
463
530
218
283
170
624
2
470
179
389
392
318
340
638
986
411
441
793
276
843
809
755
138
526
999
847
505
56
980
189
319
776
55
42
143
662
512
631
689
386
97
4
994
706
990
398
152
924
159
222
777
421
683
852
189
689
7
532
560
253
632
600
188
136
973
334
895
665
368
171
321
229
487
896
905
592
662
412
984
822
871
603
150
434
965
54
99
207
765
146
369
166
45
829
128
151
482
502
306
290
165
237
417
96
253
547
645
214
899
83
866
539
778
689
257
250
206
665
382
506
262
443
331
483
741
742
666
891
485
491
504
43
813
980
713
972
941
516
30
13
198
272
238
321
792
847
796
509
214
686
533
592
829
486
677
470
261
666
779
86
63
788
217
162
552
712
928
654
500
371
708
237
151
5
916
841
392
685
294
818
359
507
192
129
40
652
241
53
408
89
425
46
935
426
774
392
575
441
464
601
524
529
160
566
533
1
469
819
2
659
342
291
726
523
287
599
271
92
454
433
772
428
781
972
462
515
333
212
634
104
704
388
13
413
0
952
985
372
911
399
456
770
902
774
198
211
890
137
379
574
43
82
737
562
471
415
644
945
351
840
272
100
480
942
607
64
373
82
866
695
243
77
687
329
997
619
213
821
361
230
788
875
106
136
408
996
568
49
656
148
189
994
289
686
840
312
585
528
792
150
329
241
145
700
810
657
251
148
931
224
436
487
401
546
34
75
449
464
126
432
546
170
501
363
975
349
49
898
171
935
831
546
781
675
282
5
342
457
120
184
305
220
139
868
227
523
123
274
315
328
418
941
539
301
9
675
943
505
49
988
158
421
436
470
423
355
996
80
446
905
892
54
847
74
639
221
681
750
197
151
183
948
165
144
963
677
567
90
300
498
537
758
586
504
845
324
479
803
617
133
920
561
687
591
20
209
854
281
52
948
681
624
788
306
766
657
857
208
97
807
940
65
658
431
294
178
668
475
660
2
456
260
973
226
457
59
384
210
153
833
572
452
829
350
891
84
908
751
366
120
582
763
551
173
2
425
835
51
576
98
774
97
736
372
452
779
755
530
221
659
889
854
576
375
266
184
275
658
657
52
274
948
141
95
542
950
378
738
400
273
609
570
814
159
435
806
613
181
731
275
369
230
324
134
344
371
912
256
213
794
596
70
540
773
424
977
881
685
579
490
822
6
334
3
636
956
440
251
354
630
602
840
156
827
476
353
30
178
56
732
305
494
988
134
764
754
446
553
791
361
308
155
804
257
225
781
280
649
927
976
208
944
649
503
471
280
807
313
423
308
280
677
870
381
83
764
955
595
823
473
57
426
788
92
995
115
49
255
112
397
448
912
890
483
286
745
457
351
231
164
494
351
538
963
788
544
576
527
225
9
235
887
182
185
925
12
915
138
406
282
295
448
75
570
982
381
227
854
284
959
411
948
80
677
380
198
965
998
611
649
165
322
426
149
999
173
302
516
491
273
265
455
707
50
560
885
244
856
551
317
373
721
923
55
432
502
888
958
790
687
548
472
168
408
44
881
59
854
791
556
292
237
120
100
20
844
639
842
541
668
633
128
942
180
95
997
204
48
45
90
218
715
500
925
105
915
730
443
243
852
408
204
293
528
140
817
700
933
496
81
449
887
219
245
767
808
167
408
924
389
362
411
223
883
257
592
721
570
562
469
151
488
385
651
111
257
253
408
464
582
763
594
879
131
884
437
808
6
131
39
297
604
721
241
269
686
524
640
632
645
381
22
174
241
474
443
769
776
756
943
827
213
57
260
920
559
36
904
887
868
195
993
435
622
833
404
381
12
61
127
629
724
628
205
265
288
803
10
700
286
7
232
786
716
440
81
67
948
915
350
551
652
479
263
785
146
10
156
839
214
773
227
912
936
109
91
95
731
788
137
440
530
503
817
136
139
961
871
457
545
593
214
366
542
623
193
44
192
860
96
946
803
546
469
787
952
162
24
897
605
757
496
700
796
37
979
227
224
581
103
98
214
742
209
460
417
947
247
939
88
359
953
31
987
718
501
267
60
793
780
390
635
254
110
368
453
464
269
363
109
778
137
941
827
866
783
219
317
220
776
447
475
547
567
213
367
839
859
707
21
4
710
623
175
808
357
205
876
543
209
177
162
178
917
810
105
533
584
512
978
192
949
648
768
601
906
101
774
215
663
401
442
698
831
364
576
161
499
843
289
564
53
557
373
692
506
938
543
679
300
542
65
832
127
29
464
455
514
94
200
525
152
517
243
75
200
940
582
971
689
857
229
414
562
414
736
143
857
197
717
73
587
994
169
557
948
950
601
182
134
617
30
737
991
632
888
702
838
399
866
644
127
464
239
813
232
685
98
805
738
866
212
777
372
351
42
229
244
949
533
687
248
886
647
498
124
961
618
445
44
654
27
38
973
752
943
617
63
561
540
701
109
866
227
760
16
347
669
698
433
967
388
936
374
604
59
906
687
898
288
535
313
801
129
991
666
216
277
442
558
563
533
535
746
757
971
519
919
510
889
27
49
823
908
35
233
268
202
808
631
936
995
804
412
263
397
257
303
528
490
272
423
162
13
995
544
506
730
148
985
625
774
192
982
738
79
846
49
397
245
196
798
517
450
612
614
953
445
339
869
465
837
459
864
159
76
985
289
257
570
345
318
36
92
688
774
579
965
371
13
768
979
350
914
953
373
224
623
343
124
957
930
747
191
883
130
842
747
321
115
259
634
637
293
38
468
461
553
152
708
208
127
484
661
463
292
196
28
430
719
392
439
743
942
965
198
792
133
290
745
571
279
168
379
616
23
24
525
134
337
601
462
255
53
834
706
709
364
373
64
391
614
620
560
81
715
120
284
35
360
608
951
520
157
815
804
9
820
873
280
315
725
247
458
7
496
969
226
945
450
252
832
331
755
36
886
571
175
84
721
522
965
155
940
398
12
905
685
306
572
258
444
828
972
50
9
792
896
762
493
11
221
474
68
611
400
440
442
493
371
672
324
998
906
852
448
886
158
317
647
666
599
339
657
177
919
913
666
306
428
109
244
732
702
623
517
117
467
887
714
879
239
804
221
808
576
106
907
649
865
268
856
777
724
603
487
387
830
309
829
773
6
697
838
74
342
386
234
339
685
762
353
905
531
577
548
358
175
350
678
29
454
685
27
159
277
490
663
392
249
421
210
553
276
239
867
295
635
628
355
131
213
632
700
36
655
727
825
426
334
576
48
892
133
905
413
468
552
537
376
577
911
538
66
838
927
702
84
561
501
620
793
647
253
930
29
646
138
165
45
619
191
495
233
244
997
832
352
657
350
0
746
847
905
660
196
116
79
847
936
258
678
971
539
638
739
40
3
96
862
140
816
840
688
379
145
79
728
849
723
508
742
694
518
16
136
122
713
244
124
689
495
753
788
536
361
456
808
673
286
195
825
843
752
131
898
526
89
140
124
445
718
406
2
460
203
118
930
668
39
908
189
37
834
861
112
972
340
284
636
30
167
965
147
107
87
827
237
253
65
315
410
515
306
335
904
858
169
935
735
987
144
397
907
723
647
80
746
647
634
604
135
334
861
880
70
171
292
632
553
371
535
476
90
132
302
344
962
775
481
397
817
103
540
296
879
66
865
425
906
568
182
799
417
601
816
395
953
148
920
314
733
246
589
246
92
703
298
79
726
355
666
950
862
215
817
555
974
715
805
592
464
615
997
13
401
105
105
181
739
94
834
9
99
502
546
163
695
117
199
254
412
767
644
724
376
700
113
728
267
37
717
957
107
78
105
62
440
676
262
56
797
400
210
613
241
556
119
978
533
830
220
948
46
203
800
830
285
806
644
894
637
961
312
184
180
418
913
755
926
866
986
659
311
635
0
462
24
848
714
196
660
9
353
304
850
878
141
60
565
652
864
268
627
902
695
313
147
206
533
338
451
788
666
238
353
310
237
653
280
305
902
463
181
926
671
300
322
33
675
190
618
302
79
132
590
373
664
905
56
184
230
284
879
810
88
793
114
506
496
880
40
647
712
948
855
31
557
511
692
163
266
444
195
693
672
133
310
69
949
198
843
504
507
737
809
91
35
308
676
14
665
208
146
388
338
267
28
409
939
577
161
325
547
262
399
937
268
215
147
247
206
185
795
191
181
138
811
47
148
679
165
499
409
998
404
62
899
949
466
791
289
274
432
831
237
300
223
249
106
154
357
723
786
3
858
445
914
293
491
120
297
554
670
265
239
976
591
925
211
576
987
311
392
906
483
248
289
430
11
790
202
862
3
32
433
538
558
569
380
540
426
539
748
261
559
23
443
168
523
330
483
342
597
745
111
913
488
168
582
205
227
823
884
547
119
503
123
664
544
580
563
349
391
27
229
881
391
661
622
732
983
116
386
725
352
278
319
263
896
744
156
927
454
325
257
249
471
255
224
931
583
61
293
26
972
862
859
172
776
172
687
894
957
380
752
119
966
270
967
60
123
616
515
581
165
840
504
376
99
897
33
573
797
845
644
938
719
348
222
575
744
956
94
941
3
10
878
666
501
648
319
472
857
983
788
136
881
623
890
400
13
829
542
109
960
563
767
53
921
510
830
819
680
588
612
528
114
685
451
424
911
821
415
500
985
998
334
6
80
34
453
626
956
241
669
202
202
328
895
938
370
468
588
542
552
517
552
609
786
574
855
968
730
532
912
510
437
677
673
57
58
378
11
188
943
816
496
502
233
588
803
691
826
829
631
834
984
599
538
39
19
404
402
786
151
6
937
167
107
755
254
135
465
831
996
592
423
792
334
640
421
966
275
79
553
690
719
534
719
329
506
202
781
160
333
582
181
266
234
736
860
992
683
538
603
208
847
404
420
130
352
928
256
495
479
630
86
10
844
161
318
611
937
82
79
314
47
44
22
49
324
80
368
173
803
777
130
502
83
258
390
885
949
126
40
78
824
240
394
166
159
221
766
758
390
495
354
433
177
76
152
730
806
358
966
642
843
580
52
577
3
920
60
834
685
514
271
796
29
174
253
397
976
665
397
954
666
626
86
37
978
262
244
559
288
636
32
462
197
891
265
936
748
688
360
776
48
284
491
368
431
454
639
432
301
125
899
558
948
185
723
975
170
170
786
957
995
737
676
258
488
334
19
27
240
761
24
72
991
845
901
387
69
9
32
487
72
521
850
35
660
21
216
351
633
48
154
758
390
388
515
677
501
517
449
403
710
867
221
802
89
819
52
388
135
831
415
873
688
149
408
329
842
46
487
524
712
897
844
898
321
847
365
856
411
264
42
560
935
334
391
141
383
47
386
781
829
977
973
855
406
593
622
182
775
5
726
879
374
163
471
488
340
737
82
490
626
79
407
329
2
89
709
217
839
586
693
611
896
869
931
24
712
581
196
821
586
8
630
128
51
744
4
49
152
514
721
300
714
986
504
487
311
895
89
487
355
938
118
336
391
997
478
229
24
594
114
804
947
465
559
165
872
750
299
741
700
234
611
494
172
921
181
449
807
573
713
127
755
825
461
820
450
447
313
573
918
790
552
404
843
383
985
985
356
279
796
363
777
481
585
839
655
269
405
272
744
84
966
640
21
181
338
334
986
141
867
185
665
850
269
228
801
369
739
66
719
337
591
355
181
512
905
360
51
932
729
420
692
916
736
251
603
392
788
487
989
830
307
753
465
599
915
61
893
97
766
681
106
918
363
103
795
341
643
104
873
727
130
764
995
925
183
280
340
825
669
135
998
866
306
452
446
843
720
94
271
838
442
125
356
765
682
324
576
121
841
144
328
455
398
280
76
568
434
230
305
759
491
933
322
896
272
250
897
608
572
160
864
928
111
183
237
533
234
685
262
301
505
343
88
594
213
657
903
827
587
933
961
764
351
249
355
706
117
140
801
900
945
498
447
839
925
198
142
96
291
487
364
463
684
286
218
146
377
687
756
591
776
246
932
551
1
92
568
143
952
602
838
641
198
221
805
339
468
307
229
541
551
909
10
488
626
421
709
22
272
801
228
45
338
49
75
816
776
574
210
119
699
675
848
734
42
849
801
28
363
597
517
172
525
301
337
89
851
611
249
582
476
376
686
203
648
709
404
471
134
286
304
682
476
192
600
66
310
309
611
106
435
485
483
509
380
423
328
345
79
585
223
705
843
892
578
219
284
155
330
876
417
621
258
177
140
937
558
207
490
938
419
605
780
179
305
288
101
908
975
631
837
790
638
185
653
772
896
4
324
570
258
375
554
450
952
546
51
557
344
940
118
711
794
389
998
838
550
926
328
28
350
229
86
467
502
565
540
776
713
374
354
931
454
760
897
750
115
566
73
884
512
265
153
477
775
690
121
951
714
821
821
998
70
410
58
647
447
533
255
145
109
440
692
702
413
272
613
673
18
613
805
847
77
630
141
259
251
37
988
29
526
822
459
139
63
350
721
83
802
65
901
919
242
916
626
906
791
365
224
474
245
360
352
862
447
235
512
490
420
788
408
841
569
762
708
178
335
57
779
854
590
281
471
385
586
577
718
591
173
248
440
121
693
613
250
368
727
192
51
473
28
673
157
410
195
919
918
20
136
835
440
529
764
822
541
400
156
335
31
294
838
506
790
688
265
478
611
830
948
598
430
922
595
482
283
89
845
22
562
441
329
124
647
236
666
6
111
763
281
398
60
343
226
777
154
652
249
425
979
504
303
763
904
954
255
377
570
182
958
784
464
624
555
892
81
822
106
602
228
915
831
807
878
89
474
79
300
136
406
760
170
132
214
448
387
331
386
44
305
320
598
364
104
393
764
243
926
232
588
131
133
936
992
200
989
677
109
715
884
433
111
82
967
789
500
630
605
453
211
309
977
159
62
369
545
213
454
113
102
593
239
791
115
313
260
818
632
739
891
132
913
714
516
127
195
497
134
499
479
127
499
59
115
844
37
393
204
724
201
735
32
130
419
232
116
174
906
965
89
466
741
300
980
553
86
927
110
377
326
697
209
570
561
782
981
543
675
243
385
205
355
475
342
322
648
84
200
56
50
546
606
306
506
98
101
166
827
649
8
268
906
78
187
638
21
30
39
752
753
407
280
577
582
231
462
906
374
965
785
135
588
527
400
964
426
390
876
946
62
991
384
803
941
716
388
826
816
723
27
685
46
357
433
399
626
569
257
642
206
401
637
226
961
478
727
936
509
256
256
389
420
16
776
637
116
898
141
270
424
77
183
353
954
781
971
640
5
51
863
81
984
906
414
322
688
333
43
741
84
456
851
166
847
389
918
219
121
360
663
51
639
908
484
18
573
47
448
444
785
371
919
799
938
207
658
287
601
790
76
924
14
502
619
358
62
68
51
484
499
53
56
353
29
168
642
504
696
507
230
290
878
59
267
630
462
480
497
392
309
448
289
52
20
354
873
685
97
382
919
161
795
147
240
767
777
801
337
125
274
497
574
371
970
474
785
427
179
117
181
317
962
738
347
950
284
420
813
505
65
723
1
2
408
257
793
294
75
424
521
982
188
497
624
750
63
807
322
73
874
494
845
383
331
622
490
2
153
325
991
821
621
84
283
782
970
983
873
574
659
179
649
438
780
276
107
132
700
852
462
6
722
667
208
782
421
195
854
311
664
907
78
39
198
287
947
301
41
373
65
653
114
579
146
178
788
744
641
860
738
232
292
386
131
140
647
417
90
153
151
77
787
455
868
744
306
757
218
617
574
156
769
222
799
201
940
77
876
334
960
223
576
867
406
934
669
937
890
761
737
720
292
686
649
10
39
623
771
983
56
344
752
578
505
375
386
987
927
101
170
159
385
612
462
581
826
626
65
227
249
765
771
488
694
383
74
754
856
540
961
284
621
818
384
800
449
81
92
947
275
706
192
9
124
828
884
726
921
461
278
696
227
486
982
417
741
371
583
625
702
769
786
347
880
472
508
735
592
483
212
920
119
909
926
966
40
79
947
23
955
464
124
177
841
620
173
996
321
407
87
542
851
916
240
158
235
921
558
205
584
134
818
346
637
678
746
253
47
980
762
790
232
682
420
791
836
270
685
79
362
510
962
336
693
69
858
836
588
646
662
787
423
689
63
960
667
844
494
77
711
20
522
108
560
956
373
568
770
948
712
355
456
254
744
57
437
421
953
29
884
79
874
506
229
749
873
404
626
192
937
864
721
94
193
498
946
381
351
758
19
575
221
345
2
935
898
272
483
572
684
752
499
211
180
601
244
17
259
613
361
297
236
253
117
275
361
238
903
310
723
55
689
943
724
399
833
410
583
925
47
761
755
623
848
59
492
759
291
910
538
355
226
64
782
564
827
970
850
978
983
655
712
677
162
483
46
238
821
791
120
480
465
636
646
553
549
894
416
118
385
180
808
230
75
812
591
869
362
300
794
196
402
583
6
215
712
340
858
111
574
981
524
617
728
255
918
591
720
781
954
333
591
986
708
206
269
495
911
920
124
257
947
206
952
518
990
549
497
226
72
633
435
141
739
160
645
543
210
311
754
39
569
204
861
201
494
547
368
14
383
685
631
240
533
382
320
446
671
239
29
564
449
787
718
454
637
221
680
839
635
658
243
13
654
515
267
496
663
886
740
67
342
116
524
753
390
6
539
604
57
524
942
882
523
319
5
897
251
824
881
653
224
944
818
607
992
33
0
24
558
685
417
142
821
846
794
14
136
349
305
491
12
399
219
117
145
644
849
934
76
978
952
601
945
242
545
444
367
977
374
272
300
473
238
750
242
489
555
108
698
355
354
393
401
69
731
149
8
706
842
356
769
905
180
476
918
526
526
941
419
240
51
441
87
379
476
124
728
878
805
766
317
496
622
622
479
423
471
425
50
281
7
675
912
510
975
710
504
69
602
305
21
471
816
834
897
361
979
591
92
758
130
122
8
612
84
515
199
565
783
106
286
513
410
197
19
682
399
142
142
744
581
769
204
998
109
396
786
981
491
968
80
623
0
720
867
375
686
664
903
583
131
991
45
378
313
15
530
755
333
21
584
254
775
52
393
901
417
15
352
629
564
327
827
955
7
209
302
753
338
220
401
13
98
985
966
684
21
716
347
819
545
930
127
670
999
667
778
173
422
450
741
995
717
531
933
144
865
949
498
850
225
823
429
840
389
704
465
535
38
673
768
873
690
934
377
594
575
686
641
556
850
334
177
670
976
5
158
568
869
403
486
602
802
139
649
30
61
867
38
708
372
825
16
132
241
200
489
993
253
132
262
476
86
10
426
542
99
124
495
50
970
211
538
10
191
622
655
233
56
602
494
969
766
290
780
798
95
305
924
435
594
357
543
339
866
159
802
562
815
592
24
630
473
119
543
904
550
752
967
847
438
214
648
223
6
820
139
518
498
465
460
783
358
970
622
235
582
637
160
588
892
603
591
100
34
581
932
718
544
34
263
954
857
343
164
975
306
353
869
156
514
71
880
39
576
371
27
770
673
707
973
467
297
907
438
628
964
157
145
250
573
227
457
849
615
340
251
791
387
382
675
24
401
620
353
731
250
680
212
930
772
273
183
487
271
512
196
669
161
48
239
294
237
349
317
44
602
430
428
537
8
429
955
418
997
783
286
289
650
111
331
986
560
112
353
697
23
915
266
362
407
397
45
848
176
509
377
34
360
477
991
747
595
806
504
82
496
641
935
906
249
835
231
890
139
712
48
511
263
708
134
56
71
221
171
138
765
773
263
461
249
520
85
487
378
545
575
208
208
913
564
678
791
114
153
42
429
128
454
410
207
202
291
552
409
408
842
59
582
765
598
252
55
471
861
420
791
4
354
972
870
192
286
229
755
164
800
826
776
129
994
242
41
734
846
866
333
557
57
35
9
596
399
15
377
883
319
274
304
34
184
230
497
13
756
88
359
298
268
74
106
354
940
920
219
431
145
998
35
605
592
857
631
707
376
38
470
252
467
913
821
273
337
591
531
17
406
541
89
12
117
834
932
84
341
186
399
214
923
629
666
663
72
383
767
26
172
361
175
409
930
729
288
386
550
109
762
788
517
781
866
433
68
370
726
775
92
154
275
722
612
421
427
252
895
68
11
504
584
473
988
667
571
250
615
60
950
522
103
13
376
529
418
106
536
626
472
754
329
462
743
924
573
720
942
532
544
968
689
117
878
76
989
137
103
68
220
471
361
316
818
557
887
872
673
671
98
66
346
526
37
888
205
507
325
620
883
534
272
204
330
867
477
323
377
180
13
839
485
125
536
661
827
155
195
729
294
255
24
299
107
698
511
38
332
488
620
899
578
234
417
726
502
543
501
351
241
724
637
355
835
12
154
707
865
488
291
622
755
546
516
451
637
591
823
818
763
371
67
316
10
481
858
319
277
196
695
206
22
872
319
936
893
916
591
288
326
108
943
366
422
721
934
564
934
92
358
35
875
683
505
310
213
531
19
903
158
127
802
458
278
904
484
807
789
878
616
755
720
437
0
913
472
980
100
660
887
570
579
257
780
513
702
307
873
511
405
927
691
971
726
121
689
973
331
950
385
962
228
604
376
614
620
743
816
314
232
749
967
496
726
188
630
668
818
946
799
494
295
437
386
310
764
125
289
103
676
255
818
791
51
83
46
341
974
240
336
972
10
750
536
983
351
596
240
749
246
315
382
424
49
83
28
824
443
916
996
29
808
136
424
941
173
120
65
803
307
316
414
761
272
566
536
319
319
617
4
916
769
718
904
116
572
111
601
914
683
392
852
592
398
147
811
854
611
395
659
519
949
483
940
210
788
87
104
431
269
915
744
48
868
675
531
98
79
299
128
4
101
128
247
40
126
902
323
919
540
268
402
186
3
621
536
406
253
880
656
656
458
58
789
353
950
386
16
3
794
558
67
845
239
684
925
28
217
83
271
323
601
315
991
139
885
906
794
694
828
729
264
665
380
374
738
992
583
803
999
103
326
631
680
142
572
836
288
316
510
737
8
272
825
96
10
891
556
114
580
210
296
634
887
379
381
864
161
221
31
559
240
845
290
96
432
694
497
808
87
145
317
512
318
534
708
83
858
58
287
622
493
113
905
811
839
53
813
286
360
15
255
36
315
86
846
592
59
486
112
808
657
91
334
583
561
830
138
501
129
199
431
868
868
52
599
924
14
584
643
769
145
679
374
531
759
785
234
359
729
366
904
724
527
137
498
496
993
976
700
788
461
210
346
894
546
466
947
621
965
811
615
810
58
469
436
325
389
847
7
5
185
669
593
660
505
676
592
162
909
275
441
298
383
700
242
570
335
356
516
462
596
447
249
663
148
968
418
912
677
47
724
898
836
219
292
705
823
507
177
22
878
288
801
901
79
149
335
602
547
441
731
296
698
844
913
490
198
784
223
238
215
802
794
78
898
401
40
625
296
303
660
650
900
366
381
383
549
444
455
292
765
234
14
345
881
761
752
514
730
246
987
229
715
704
936
881
787
391
806
941
165
144
689
151
247
654
12
46
913
346
444
242
6
38
415
354
943
367
990
790
998
546
935
495
240
216
878
708
423
852
788
854
719
285
760
301
463
551
918
572
714
23
453
955
95
646
446
284
501
701
625
440
763
291
290
859
207
747
196
325
462
241
812
778
900
86
682
100
755
482
19
928
777
586
947
695
286
178
777
237
523
748
739
719
289
954
436
129
456
40
11
565
831
502
630
579
4
84
38
757
141
127
164
762
886
483
933
630
107
705
778
607
401
596
955
179
576
958
918
328
643
16
218
629
659
906
456
103
217
223
492
702
371
957
129
938
105
339
499
224
360
628
977
697
342
740
442
972
823
824
742
626
544
770
561
779
578
981
668
648
73
318
485
41
166
236
616
768
690
186
509
773
275
370
596
794
212
84
215
850
40
791
311
246
591
271
561
345
492
744
569
493
462
594
536
404
750
486
259
780
712
927
908
941
358
76
557
868
457
941
762
861
433
892
254
556
31
359
49
557
273
771
392
830
158
915
709
561
850
712
617
486
364
643
415
456
847
218
403
174
646
263
723
421
715
183
61
909
1
817
169
641
760
661
832
371
289
320
613
807
396
21
714
310
494
285
831
110
254
523
143
576
2
873
211
779
102
975
219
103
293
70
610
492
834
271
977
739
641
721
935
806
354
467
431
964
302
982
730
831
293
975
248
458
335
540
953
13
777
373
376
923
515
413
602
534
343
480
76
313
581
439
675
589
429
666
647
536
572
502
307
612
178
887
814
420
571
135
685
36
430
504
573
833
394
319
228
327
871
729
375
378
60
434
73
950
525
27
403
867
975
716
223
507
631
755
633
742
991
707
992
129
483
753
313
50
548
899
341
958
506
410
980
743
991
841
754
584
353
446
897
11
841
976
760
174
106
938
426
456
531
712
465
330
865
63
28
468
711
906
575
885
71
242
227
360
566
669
349
251
291
842
259
242
544
740
973
635
564
517
376
507
479
477
544
353
8
867
79
201
972
267
177
164
664
969
611
701
865
565
35
775
289
928
849
510
117
333
462
212
932
595
59
821
475
971
446
204
543
621
521
575
539
247
404
145
811
592
788
686
623
354
371
348
500
671
881
521
711
30
443
823
644
837
980
311
278
873
466
957
376
340
34
136
739
822
822
85
313
367
646
916
161
500
853
227
276
600
805
121
832
973
605
222
866
627
106
570
538
431
908
51
913
760
299
106
22
607
81
232
242
877
698
973
920
338
129
266
545
730
229
216
870
482
252
992
271
444
30
636
253
839
693
525
531
179
851
463
954
91
837
738
637
427
151
891
690
148
856
386
666
102
455
85
802
750
230
549
267
952
574
71
544
927
748
717
342
146
994
862
456
937
361
820
739
113
677
452
919
83
769
644
272
780
949
760
28
608
397
445
766
681
492
577
882
167
849
562
730
776
889
711
568
914
933
292
365
821
341
354
409
703
612
622
732
387
102
489
228
834
224
992
416
340
159
612
629
208
244
596
278
898
391
562
218
733
913
804
761
930
134
276
310
439
514
506
380
267
235
967
42
537
192
638
64
508
952
79
263
802
102
187
380
139
820
255
685
747
670
298
679
606
744
345
896
900
306
846
592
326
899
573
389
544
396
895
135
710
870
97
617
644
62
999
858
681
888
542
371
180
955
856
609
810
787
907
325
334
972
492
178
722
734
968
150
780
404
643
717
37
145
4
875
302
77
601
41
196
236
623
26
199
760
389
309
989
576
289
109
396
505
659
752
639
148
193
253
352
400
290
170
831
634
815
645
986
178
855
529
614
735
218
291
76
157
872
277
384
46
731
114
382
672
626
363
822
174
808
514
234
113
380
126
228
656
298
350
78
709
458
121
420
114
191
157
492
763
115
207
258
134
993
859
229
857
507
99
966
771
821
101
810
46
522
416
854
459
901
304
834
790
706
891
361
563
927
506
303
505
293
68
900
399
515
679
281
453
781
248
96
131
689
837
873
551
922
378
658
451
56
401
687
854
728
645
970
740
720
568
5
856
646
331
621
865
417
335
521
698
992
370
260
839
82
132
855
989
622
82
82
505
643
962
940
412
482
928
274
925
619
929
196
135
478
206
990
716
340
171
110
75
516
528
761
638
121
280
595
567
724
873
822
652
991
891
74
984
530
20
855
860
353
827
423
902
229
635
367
833
602
651
311
677
561
988
160
504
679
162
574
269
702
294
902
84
178
443
673
171
495
473
553
683
633
86
636
565
403
531
903
255
972
590
333
146
703
516
808
38
539
314
911
392
90
931
65
690
197
532
32
652
600
806
233
530
850
420
124
77
568
846
471
719
971
229
255
897
46
153
618
71
468
855
903
543
26
798
847
821
793
420
16
115
135
276
15
623
150
892
654
165
661
500
502
887
29
89
799
658
599
906
453
59
220
562
949
874
477
720
577
454
388
724
736
96
291
643
578
956
356
685
98
942
912
380
453
353
99
648
858
6
896
289
506
459
458
796
394
618
475
953
71
259
392
180
105
140
252
171
627
376
739
872
202
222
458
184
803
636
510
434
202
756
610
780
457
582
598
35
222
13
420
25
704
374
659
412
747
638
338
92
585
732
93
341
651
207
196
270
521
417
645
865
775
804
710
132
545
204
735
647
288
150
544
736
109
558
495
627
157
759
469
374
437
727
121
172
776
105
156
39
671
839
799
475
392
895
762
65
267
565
951
354
856
890
143
317
941
804
955
459
239
750
629
24
727
297
743
724
543
434
436
627
500
206
950
458
278
244
936
803
374
762
773
994
368
179
113
273
881
263
7
586
538
403
866
251
182
538
95
318
560
564
730
905
585
519
361
284
65
451
695
841
179
890
714
761
366
736
182
612
864
247
138
345
774
286
132
767
394
475
297
554
612
335
568
251
293
937
672
617
23
125
638
341
713
670
196
733
570
361
678
310
387
765
214
191
2
48
371
20
676
595
382
224
355
737
773
7
713
316
579
939
67
953
663
269
337
285
164
879
109
167
993
615
434
751
154
702
759
416
199
961
132
243
132
168
84
236
841
790
492
672
386
921
283
631
33
98
666
79
474
214
750
273
888
206
548
840
254
268
684
895
529
280
121
529
548
650
40
143
260
416
535
950
453
514
864
472
844
964
573
92
966
948
134
648
649
341
762
821
98
474
290
763
103
399
564
423
542
285
334
315
190
741
769
325
516
327
177
562
720
579
954
61
697
103
77
34
470
706
899
416
415
488
33
686
267
247
100
125
779
274
951
151
551
588
915
830
599
88
767
536
957
86
32
345
169
360
802
25
837
494
808
40
683
62
8
32
427
720
698
458
369
241
51
899
631
519
181
728
870
645
513
103
147
670
216
768
872
983
638
220
72
168
360
269
831
604
951
319
129
522
814
246
410
626
201
47
86
596
102
443
18
965
8
753
946
483
9
619
204
356
856
300
861
626
916
376
4
409
240
309
676
252
927
705
909
757
609
932
100
388
935
559
873
601
179
53
378
645
172
41
319
750
601
720
190
570
163
560
560
823
656
841
43
87
78
443
625
81
356
433
225
662
495
661
325
762
668
115
300
316
952
642
584
791
192
552
178
905
46
181
540
380
394
300
200
636
26
69
536
168
466
743
613
228
87
652
868
6
448
364
398
855
926
495
815
989
822
109
705
807
765
64
969
433
284
381
554
544
859
351
529
704
834
828
713
628
806
972
520
13
441
999
425
896
390
62
507
673
323
782
323
652
311
424
86
221
798
92
505
662
387
679
12
962
997
274
571
607
309
686
743
817
207
300
502
573
967
970
678
363
470
507
880
88
933
941
346
106
817
986
589
341
976
215
305
869
667
137
605
181
204
784
219
336
945
628
579
455
2
72
255
394
376
68
288
266
902
688
655
30
861
157
174
972
18
974
712
707
427
87
525
870
658
725
75
844
496
582
674
918
398
386
150
224
864
490
827
539
51
968
364
362
625
783
460
612
394
437
753
874
269
342
413
162
399
586
423
499
107
146
169
537
316
319
723
427
863
412
841
67
700
709
809
54
909
584
479
125
544
778
164
123
826
661
644
816
109
449
55
813
203
9
746
161
707
512
87
468
708
715
42
674
424
304
774
410
691
823
327
575
931
800
361
94
906
349
961
793
25
249
746
652
544
10
452
839
780
763
496
395
912
893
206
224
127
71
258
621
352
76
5
530
508
532
744
547
956
789
942
94
182
923
722
767
601
765
167
657
998
802
959
912
323
220
174
316
202
493
248
1
383
231
503
61
786
936
929
594
529
909
226
148
866
30
191
29
183
131
835
440
154
285
700
74
268
512
920
287
65
743
869
980
750
721
486
977
534
595
981
466
888
182
589
198
853
594
271
431
577
883
768
443
528
794
392
754
411
664
486
977
155
927
538
343
221
289
915
54
543
93
410
516
170
390
567
683
248
567
371
317
640
733
342
500
655
611
153
552
825
116
206
194
705
844
583
994
277
223
581
108
630
407
482
216
382
400
600
546
643
526
275
383
171
545
765
641
864
408
89
812
526
84
322
18
202
918
316
956
38
892
107
155
402
440
139
390
709
81
192
236
189
582
287
980
611
192
845
867
42
87
518
838
97
168
600
497
159
806
498
375
495
439
719
482
956
792
543
750
743
387
679
169
527
167
392
814
39
89
222
986
30
714
674
750
603
673
946
182
112
91
103
513
817
88
240
579
180
992
301
359
715
349
462
265
320
714
556
939
176
500
368
238
996
977
76
555
212
287
327
362
388
749
325
755
579
840
557
740
753
727
4
402
498
239
307
179
793
814
197
532
918
930
356
366
362
98
388
382
499
704
7
829
803
989
802
69
462
5
392
694
612
381
462
951
603
946
815
841
889
219
177
424
800
498
320
155
579
391
257
711
680
934
154
111
735
642
392
847
90
978
296
440
948
266
930
662
719
133
187
377
881
914
114
33
999
869
997
53
117
631
549
142
380
832
0
471
45
772
933
296
958
924
957
948
746
623
344
79
405
776
149
188
529
738
535
357
330
481
956
316
705
523
343
163
863
495
73
143
160
836
179
514
202
325
591
224
14
619
160
866
630
396
567
642
616
763
951
590
786
88
596
168
630
234
167
845
568
865
37
933
758
217
401
715
135
740
14
709
551
119
514
270
770
824
904
378
718
990
92
738
462
521
916
801
901
788
765
917
40
665
620
546
775
531
783
236
477
737
642
883
877
378
990
964
840
972
151
6
668
578
901
698
167
389
750
214
621
441
97
923
766
692
382
726
708
251
493
764
283
733
724
194
841
116
156
436
496
761
670
636
90
383
2
717
45
379
993
304
615
378
572
831
339
60
483
721
540
79
147
877
322
919
338
594
779
981
29
62
572
422
420
117
864
653
3
165
415
723
141
311
499
710
44
193
295
888
916
210
49
882
345
733
233
800
397
770
818
782
607
337
769
803
193
33
892
637
728
528
774
430
57
139
144
941
890
680
273
912
503
218
800
217
135
149
65
958
646
379
111
22
803
879
434
224
845
471
873
206
449
183
953
123
135
732
446
808
399
86
89
109
902
897
84
38
245
293
738
987
195
885
834
365
50
886
853
854
64
25
757
161
423
90
729
666
134
1
630
438
305
321
201
302
599
975
514
528
691
685
115
559
686
416
650
940
458
983
650
172
906
253
521
764
816
329
285
539
414
363
104
423
98
418
470
627
684
612
197
495
97
733
932
656
661
140
319
34
589
378
162
435
491
452
932
673
549
635
142
463
632
203
139
980
712
760
403
997
844
776
27
212
144
964
799
808
962
960
786
95
985
630
61
978
539
190
246
776
759
330
299
5
810
174
960
92
533
853
141
635
62
634
924
646
422
492
33
855
260
518
91
268
640
189
730
913
834
771
281
584
260
84
93
278
805
439
351
831
928
855
7
77
924
91
65
157
741
315
293
179
59
956
529
160
529
621
658
200
529
467
107
73
853
226
36
472
537
589
351
734
176
975
423
403
381
555
418
34
123
322
409
478
998
387
885
235
308
615
740
808
70
821
52
379
787
435
279
21
295
23
792
800
79
845
757
6
913
938
974
796
810
752
621
759
247
426
502
957
848
443
281
552
274
346
773
566
525
745
151
741
429
342
763
421
116
449
251
590
904
119
214
587
721
199
810
807
573
427
749
951
775
801
224
256
22
290
645
163
746
74
315
918
125
650
144
918
751
891
550
401
498
484
713
248
295
373
496
252
112
12
249
233
88
200
154
825
560
941
837
858
580
696
380
226
165
555
70
73
360
858
712
769
511
687
232
546
886
875
606
737
529
774
651
49
843
42
598
242
434
787
541
729
138
769
129
345
935
632
702
296
71
463
897
261
751
817
626
713
61
889
708
747
390
41
395
41
9
77
654
267
555
819
972
90
212
38
915
265
114
499
991
459
228
867
977
61
698
2
472
605
372
23
780
548
560
645
176
544
0
714
127
437
899
766
371
180
346
902
570
292
517
434
378
129
624
187
926
898
361
337
674
543
51
700
435
715
967
154
715
822
985
944
467
903
809
92
233
864
228
347
261
273
722
294
631
34
497
58
131
43
346
424
623
542
82
466
700
368
676
871
755
836
44
113
994
825
391
301
615
773
834
475
333
369
976
599
5
830
536
303
382
80
630
365
968
475
129
751
237
476
813
373
833
937
778
987
971
443
188
561
829
859
52
815
305
51
823
444
12
334
718
97
112
370
718
465
684
981
304
340
118
246
340
205
740
941
697
152
999
542
504
847
674
610
986
407
34
335
871
591
957
593
393
201
160
888
248
300
236
92
239
905
56
502
47
644
525
825
531
78
622
217
11
105
46
139
492
19
319
781
96
838
936
279
899
31
239
82
694
718
343
0
711
701
635
77
328
477
564
492
758
589
791
109
213
245
795
485
571
698
369
798
74
722
300
297
322
123
4
785
823
230
286
362
478
642
918
650
405
223
184
310
772
167
562
168
447
220
326
384
973
918
727
33
910
979
426
174
896
828
216
604
2
926
600
225
285
990
770
141
336
905
41
272
179
107
401
893
111
717
74
501
436
733
418
751
842
153
714
670
140
923
810
155
737
556
847
869
557
594
766
855
8
284
817
601
341
592
713
857
742
858
492
427
838
88
34
222
943
755
587
938
949
537
363
207
59
449
376
967
700
958
355
567
141
856
677
913
297
695
13
182
172
569
295
914
581
278
646
568
350
499
493
824
741
380
91
231
600
597
29
118
572
706
392
205
823
621
816
289
303
72
218
763
834
748
985
179
975
721
895
917
797
903
905
875
379
820
617
547
592
31
438
850
244
813
142
401
438
546
751
200
63
35
891
576
990
25
322
597
622
951
132
243
854
688
551
256
943
347
205
323
331
521
794
156
235
377
741
172
738
872
957
814
497
711
766
910
738
536
91
472
729
394
814
532
919
77
718
137
961
31
297
200
713
801
474
187
51
844
268
541
771
808
232
995
277
653
219
364
541
155
636
805
560
56
340
384
226
32
183
77
409
66
434
433
2
880
718
255
875
551
372
845
721
600
864
0
219
230
499
546
390
256
20
755
523
66
215
637
374
247
281
565
15
66
107
823
222
734
485
368
643
953
948
498
68
160
935
316
659
695
30
144
415
953
636
410
9
439
119
749
26
460
69
15
420
928
906
176
302
842
295
463
971
92
461
694
893
442
546
824
845
427
875
695
807
556
595
554
396
313
603
415
912
837
931
541
782
739
599
686
464
190
389
171
691
430
550
937
874
900
596
330
778
689
739
975
590
954
802
668
740
638
396
948
359
818
738
415
406
173
363
785
301
496
103
285
851
249
32
42
988
960
930
108
136
560
733
838
156
466
721
855
311
559
633
667
63
813
922
372
349
20
246
215
702
681
724
524
715
483
595
369
348
780
495
54
585
545
378
454
425
150
767
452
598
804
555
972
784
268
637
308
649
425
703
570
689
473
101
304
996
884
566
590
128
793
489
294
467
964
66
534
453
100
220
185
537
917
577
575
578
833
360
511
492
420
831
218
816
800
873
201
620
862
681
689
338
398
136
350
880
793
364
335
128
381
545
16
816
401
524
965
405
658
294
502
812
925
669
301
770
93
401
488
732
943
318
195
49
501
149
974
366
592
712
727
634
257
534
761
804
578
323
941
753
400
964
959
763
907
594
581
302
290
373
596
925
9
26
948
468
972
800
772
151
576
727
288
291
568
234
234
315
118
383
384
15
914
389
261
711
296
157
58
998
293
732
421
5
58
0
330
101
724
152
586
210
547
665
978
716
585
486
877
383
350
680
948
573
866
375
941
938
298
551
346
41
279
910
20
534
211
302
39
819
869
222
183
198
191
653
299
891
318
618
362
790
953
365
371
252
118
218
697
243
778
912
839
447
624
901
608
446
707
404
314
790
255
889
724
757
549
996
766
865
581
749
983
234
193
999
165
869
271
543
456
338
488
943
704
296
743
718
97
967
908
955
708
550
537
218
600
974
780
405
504
287
855
23
270
626
524
781
152
374
197
694
539
455
763
829
726
36
253
404
96
0
756
707
852
467
269
369
595
153
166
465
882
636
660
377
143
629
452
320
238
321
736
574
961
970
829
89
695
947
43
485
140
896
620
355
154
973
577
989
189
46
873
168
653
687
483
235
216
589
367
863
871
789
464
112
898
11
260
652
718
605
735
817
157
993
684
467
798
868
790
518
791
389
886
145
809
890
86
580
35
297
550
299
273
761
996
491
990
154
985
389
208
722
690
745
539
74
20
21
353
17
740
117
200
135
613
973
652
452
427
885
71
529
864
692
750
519
381
920
270
959
588
277
895
75
3
869
839
907
819
862
858
114
226
810
985
378
46
795
568
948
739
645
725
509
63
209
917
942
707
631
465
667
773
699
50
270
276
884
72
172
163
785
737
456
90
804
32
271
297
468
252
788
758
685
91
445
17
963
167
206
262
879
0
964
59
216
257
516
843
902
647
69
946
452
887
940
370
404
767
879
365
487
641
211
420
781
660
225
951
937
971
391
606
712
689
59
855
724
877
854
545
437
667
710
953
167
51
756
379
633
702
712
67
221
822
57
700
36
149
954
977
292
113
105
802
436
582
73
993
830
885
386
958
646
164
960
624
411
53
698
629
308
348
499
411
445
355
462
775
42
904
486
559
523
385
92
347
608
351
108
585
247
497
818
626
556
330
593
446
768
726
924
439
37
840
489
221
112
648
466
326
184
500
822
512
607
196
624
545
119
130
950
167
630
778
221
132
677
590
138
101
533
981
892
795
915
549
537
441
46
886
870
302
870
137
483
310
855
961
877
668
807
217
902
859
740
567
194
493
777
759
340
315
339
42
425
255
599
232
554
134
710
332
376
858
763
16
899
7
756
177
787
956
608
371
643
436
513
16
475
534
953
813
853
241
761
142
874
276
0
347
598
253
745
563
217
649
320
192
255
780
438
882
195
689
411
977
143
259
756
357
863
277
21
193
855
847
248
360
265
658
54
510
244
102
662
161
994
602
252
953
184
460
204
430
467
346
199
418
817
576
221
599
222
250
588
266
432
757
655
88
149
865
955
799
980
105
150
328
137
614
64
980
765
929
695
717
877
680
910
934
993
219
765
61
552
951
55
560
426
714
479
726
910
400
685
688
510
38
768
272
679
549
284
184
293
257
30
181
455
411
805
766
751
676
652
376
149
682
309
68
588
48
624
291
300
969
20
112
522
797
485
511
949
311
695
333
50
102
898
112
371
531
406
8
387
786
553
719
909
645
31
405
190
205
633
806
903
314
225
168
152
701
677
647
410
4
106
964
995
702
698
806
623
231
489
759
877
742
549
578
328
382
924
419
415
290
227
608
600
380
356
878
520
583
591
56
53
771
884
699
304
954
935
637
45
977
390
504
181
392
591
985
198
333
485
350
665
990
997
344
405
383
724
196
658
235
187
192
8
957
350
165
137
641
289
295
764
967
931
661
243
168
808
285
680
516
930
671
859
883
408
742
631
738
970
538
582
33
227
289
234
642
687
375
334
597
79
243
812
906
963
573
384
622
200
133
764
146
570
477
293
127
635
770
958
439
917
943
61
704
948
890
987
946
264
275
719
844
266
258
517
466
892
48
746
425
174
497
43
174
670
793
15
540
727
13
899
372
254
915
5
866
465
388
891
957
544
40
564
223
985
963
271
822
615
287
82
139
546
122
406
57
821
642
58
520
836
830
260
466
620
654
79
485
528
414
402
731
480
702
357
462
477
222
370
656
819
185
433
906
541
63
339
755
104
904
364
123
825
661
755
385
216
985
396
418
529
448
808
595
280
526
802
409
925
979
638
614
448
798
517
759
487
456
700
196
390
155
630
223
430
955
855
64
265
731
50
873
805
746
229
614
479
935
820
263
618
259
267
617
240
415
736
849
887
214
640
811
808
436
232
114
797
7
935
873
16
572
283
177
796
413
153
588
566
282
241
346
787
629
745
785
953
179
777
682
422
560
678
537
46
178
299
910
939
889
669
450
205
189
390
12
349
792
596
53
892
845
187
864
769
666
928
278
603
466
703
112
644
30
400
47
279
509
101
609
283
753
328
708
895
884
42
712
720
843
711
816
226
602
688
378
844
793
273
455
231
581
332
188
976
473
989
210
475
486
432
100
194
296
248
991
639
660
201
198
807
535
712
655
967
689
762
799
163
514
530
949
437
987
463
470
18
280
925
477
859
92
531
854
379
757
901
683
12
978
202
742
144
683
649
80
700
936
335
929
519
573
820
129
540
308
576
478
547
619
592
959
679
239
85
233
716
457
519
904
383
928
669
40
211
879
168
108
337
337
857
686
111
563
96
97
652
168
599
548
443
274
902
39
742
536
768
715
493
491
6
973
376
829
370
371
825
260
983
491
277
579
223
344
548
619
605
461
447
48
212
367
225
38
135
374
577
982
163
365
872
267
794
19
406
394
361
369
745
577
172
484
249
279
9
61
77
189
498
799
82
659
775
48
126
14
403
52
40
273
374
135
418
505
147
370
377
262
74
552
836
286
881
81
164
748
775
582
355
265
689
421
976
338
96
288
713
387
882
201
706
337
416
633
878
238
465
90
754
537
229
561
674
996
853
776
567
922
64
538
678
384
761
448
103
419
503
900
731
115
117
685
711
191
827
514
865
41
444
514
25
483
459
388
170
322
895
266
185
738
334
683
213
162
289
432
463
97
469
55
564
704
714
335
216
618
519
860
870
803
613
948
165
293
610
144
181
424
417
287
307
754
25
887
73
757
523
661
545
561
216
808
3
274
114
489
869
259
458
565
859
186
866
198
711
318
515
830
434
311
658
542
244
996
559
143
9
875
238
463
397
629
185
334
481
415
358
985
877
217
989
950
600
936
165
809
455
142
455
799
298
229
458
241
333
648
273
259
646
67
810
365
554
348
729
162
837
105
316
632
705
292
744
151
574
877
532
829
212
974
156
985
317
813
721
326
166
821
255
3
15
358
983
401
881
622
950
708
783
328
462
509
608
676
731
191
669
839
897
42
822
485
564
517
442
932
183
478
894
91
41
422
325
154
30
105
193
356
170
972
209
610
563
434
331
26
15
984
108
736
947
967
918
275
605
570
961
540
717
113
390
426
616
222
887
641
357
518
403
845
156
841
409
561
522
421
178
157
34
24
60
255
737
861
852
873
657
978
643
900
489
687
621
491
714
225
958
547
437
111
142
81
355
93
551
101
541
295
708
813
982
696
332
701
693
484
71
198
543
155
824
820
732
88
740
109
217
376
898
679
342
166
835
984
505
318
444
692
419
80
506
667
265
736
909
849
766
868
744
402
303
942
319
653
47
707
762
568
755
970
242
853
441
929
930
635
717
765
72
344
556
304
179
854
741
0
342
859
276
709
830
29
193
227
513
598
632
977
888
317
946
425
935
501
468
385
898
345
855
801
58
376
416
231
359
902
480
231
432
900
375
279
314
856
684
322
502
327
985
762
182
731
317
43
792
296
529
254
235
515
767
380
434
421
295
860
472
268
4
527
315
682
815
281
203
514
466
122
253
665
968
198
659
114
147
946
270
293
254
528
695
80
445
109
106
653
625
464
660
102
584
566
534
535
644
460
530
636
139
412
374
443
511
925
127
698
398
676
536
20
877
167
355
832
169
179
383
795
598
283
163
255
636
221
42
259
278
992
351
477
357
561
882
269
140
782
724
180
245
130
327
621
229
866
482
259
131
671
988
180
310
293
174
964
328
179
430
37
733
861
209
989
385
591
201
600
217
650
999
879
80
555
323
17
973
594
202
314
507
785
47
618
386
974
981
935
44
482
699
293
554
251
745
588
7
110
394
435
933
609
139
580
279
553
611
672
375
519
595
804
153
72
560
764
584
77
823
263
384
824
488
67
419
617
318
83
455
384
166
86
80
11
278
994
898
146
384
128
994
849
70
306
910
438
704
818
729
20
268
741
628
255
846
640
610
848
313
977
178
27
628
641
282
712
112
761
977
175
9
243
758
760
523
18
832
209
759
61
478
793
374
623
272
709
461
139
165
408
673
166
70
472
533
269
227
999
594
681
469
368
263
880
195
395
409
70
193
530
716
780
317
821
986
560
564
170
660
236
798
193
63
547
13
111
808
449
435
970
700
787
844
805
561
520
361
939
137
54
175
665
904
111
336
567
979
125
896
352
947
916
515
371
475
639
565
384
254
670
330
919
197
966
23
453
960
881
216
544
978
952
252
534
594
967
222
697
479
592
949
709
467
938
390
77
388
426
504
619
311
35
96
415
342
339
607
402
155
534
249
98
157
214
38
872
931
571
958
145
174
392
545
427
468
910
630
952
306
517
357
495
826
424
517
993
950
184
178
90
19
356
314
225
225
448
135
841
466
227
130
816
241
421
494
968
910
449
738
141
527
287
563
350
824
261
746
695
94
479
537
542
64
5
868
588
455
188
126
647
160
15
921
886
880
968
354
989
855
17
52
521
368
200
548
102
200
283
997
295
869
360
701
741
441
448
664
285
679
900
275
691
613
560
347
731
82
784
63
193
314
857
811
943
408
721
951
560
491
537
88
74
396
657
597
185
711
733
820
682
752
511
830
421
296
565
256
767
96
13
844
942
629
286
247
294
244
937
92
115
640
383
129
280
819
364
440
560
305
149
522
884
787
574
719
940
394
47
96
377
729
264
600
714
856
634
728
893
503
168
275
49
0
958
138
201
305
936
824
908
832
367
552
499
919
104
854
242
658
797
843
682
510
303
685
342
389
844
222
869
367
126
20
296
563
245
889
557
46
454
396
83
539
67
528
102
309
45
363
365
321
919
145
538
526
597
434
546
329
868
993
782
740
988
63
73
960
468
296
107
259
997
180
134
83
242
896
543
676
269
54
542
182
597
946
841
890
767
631
862
886
971
674
464
88
553
588
556
0
236
102
813
184
501
952
924
760
194
938
636
461
577
487
589
522
792
487
919
202
367
44
17
676
496
959
251
128
853
459
969
362
627
115
673
317
902
936
207
505
774
301
702
895
696
670
906
956
543
910
371
389
644
121
789
723
564
145
446
607
81
61
424
135
108
510
887
712
761
340
853
663
907
929
797
235
514
60
84
509
898
889
534
100
543
526
376
458
373
361
90
290
356
224
920
814
148
761
929
684
101
52
87
985
531
366
480
297
152
559
764
149
754
998
249
542
398
907
795
417
669
565
263
740
495
694
810
0
533
707
238
799
107
176
253
96
197
988
281
848
121
825
474
179
318
343
89
412
475
592
486
81
972
551
477
3
472
965
798
4
590
252
757
650
658
568
583
795
698
771
998
753
93
192
398
848
806
858
369
733
502
126
936
570
416
477
284
687
193
519
476
11
728
901
935
388
794
229
660
523
672
523
168
827
205
214
536
275
283
617
136
18
134
803
59
875
379
801
203
657
490
978
556
77
897
988
956
421
251
677
654
591
306
884
295
983
288
425
776
989
356
987
709
35
419
832
349
165
317
810
492
801
657
256
101
433
595
450
204
647
926
114
923
256
93
559
387
852
566
275
125
925
409
167
841
111
869
406
959
247
532
696
909
262
152
640
296
720
398
287
638
287
946
186
876
878
75
386
955
859
424
731
944
892
675
495
860
830
389
931
857
570
802
875
719
513
822
705
445
217
657
332
884
56
295
63
344
528
67
734
248
452
13
441
481
642
929
834
526
33
882
497
667
757
286
970
385
977
516
709
204
309
804
15
604
456
190
287
209
79
269
108
19
102
805
501
336
262
955
648
335
888
108
175
364
537
385
599
181
639
937
355
653
859
279
138
663
247
238
692
773
650
354
306
217
74
808
223
229
553
921
769
590
282
291
252
46
582
345
745
809
275
789
563
920
68
907
259
733
982
279
21
462
698
841
266
837
351
351
671
767
418
236
325
260
128
816
466
927
435
961
761
246
916
400
5
788
312
983
76
149
469
545
770
514
854
562
451
838
478
297
53
375
170
387
812
585
666
299
536
344
49
566
525
204
850
795
729
626
606
419
884
289
539
429
347
826
391
358
692
683
790
367
97
901
296
407
791
845
87
210
862
216
247
810
54
131
390
461
840
226
838
135
274
31
585
554
143
413
221
916
655
573
880
976
979
545
389
406
420
216
911
255
60
889
566
884
660
979
176
511
584
428
609
668
440
456
718
705
536
413
431
468
835
444
827
4
555
91
217
42
156
217
915
297
730
521
109
828
256
435
31
519
962
495
623
26
173
148
611
57
582
776
214
558
560
736
40
955
898
210
955
747
360
33
131
129
920
162
925
155
120
924
644
759
655
277
224
831
97
195
424
250
783
879
705
507
526
625
415
566
598
232
883
31
686
120
382
237
126
746
470
528
62
374
422
359
557
508
930
253
900
956
412
388
932
218
913
482
957
254
407
732
392
531
226
720
624
438
517
39
60
793
839
851
792
449
798
213
550
277
904
3
870
456
247
432
429
105
485
660
981
577
425
741
233
908
848
414
492
915
407
343
419
945
232
341
784
317
996
611
192
560
944
105
895
295
235
573
194
739
14
296
486
976
508
882
592
978
252
327
748
751
181
420
345
496
330
525
644
345
263
1
29
148
259
360
695
737
861
163
364
978
195
958
264
340
345
834
316
783
583
381
607
345
759
470
664
560
381
11
814
711
336
293
819
259
696
183
287
854
943
483
753
260
133
990
171
60
255
437
543
945
393
647
420
138
84
389
718
135
344
416
565
789
46
793
772
227
511
999
821
686
321
508
163
378
340
585
360
266
279
227
320
441
641
206
373
770
357
698
765
110
284
203
233
692
409
37
775
437
602
542
514
240
323
374
608
11
967
710
885
588
481
205
679
903
159
449
481
153
569
148
275
956
441
612
522
35
539
183
236
465
502
94
183
565
836
914
18
729
807
877
332
395
948
763
99
547
956
544
824
934
969
651
474
267
926
195
200
940
34
857
243
471
694
783
706
909
468
119
608
914
595
911
651
23
329
219
278
245
680
44
850
499
364
815
729
289
27
817
635
261
518
610
100
966
224
975
565
792
692
677
737
608
404
483
396
80
991
359
127
684
618
971
71
198
515
641
695
87
673
885
259
592
408
923
559
120
620
424
70
702
396
973
751
201
481
737
645
141
95
822
775
442
467
431
599
192
45
593
942
613
432
120
640
259
376
434
356
451
283
354
135
862
331
14
977
974
483
970
616
824
360
784
28
749
562
608
379
305
531
61
485
475
279
784
106
862
117
481
907
832
717
835
967
537
970
40
423
790
706
181
588
175
459
510
447
653
648
461
417
169
341
599
92
328
831
223
890
435
120
328
380
255
369
21
142
191
576
219
81
635
853
754
209
515
927
727
272
92
109
30
858
615
634
686
211
486
344
557
286
584
360
166
624
599
96
303
836
792
438
112
855
915
501
849
655
668
485
860
960
353
736
363
375
748
594
267
42
379
17
985
655
583
374
883
469
98
625
690
288
44
868
742
705
319
633
171
5
425
413
259
949
379
961
125
774
640
895
444
929
24
618
483
958
742
953
527
660
102
325
197
804
154
433
294
432
727
178
503
869
84
550
902
128
931
626
987
929
99
766
483
737
629
164
339
753
341
682
307
462
84
508
688
824
68
261
878
658
835
631
406
223
907
457
765
66
425
440
701
774
205
466
344
776
913
239
689
434
934
632
430
585
100
821
35
82
464
201
72
152
226
201
751
105
967
485
214
850
861
294
564
615
5
969
682
39
558
834
910
456
272
669
192
655
397
624
191
915
527
429
844
899
374
967
722
924
232
779
315
711
662
713
183
819
821
347
313
271
290
654
226
642
146
678
890
583
505
614
187
259
177
608
89
865
333
418
815
384
14
971
60
403
534
636
942
121
171
161
981
662
30
970
635
114
781
341
210
425
142
431
64
882
69
195
935
467
280
682
839
326
288
484
831
125
139
637
841
323
616
227
127
86
978
999
219
359
441
594
307
988
845
354
172
81
132
670
598
570
278
526
609
116
304
766
14
989
958
164
353
56
148
920
349
165
526
364
601
465
894
860
722
530
806
304
945
590
727
768
830
789
513
895
789
259
812
290
616
394
823
379
333
784
798
873
178
741
881
794
718
48
339
660
697
754
33
609
127
139
20
249
240
651
983
372
588
556
533
552
342
886
221
775
414
571
336
973
371
797
141
193
281
628
786
234
167
348
957
468
700
590
379
666
364
438
114
414
757
173
690
839
591
760
994
258
235
313
264
437
778
373
288
104
850
485
673
613
461
216
827
257
34
873
446
595
736
109
680
652
128
112
13
160
155
760
332
444
820
738
823
432
14
884
891
248
761
571
481
853
370
174
316
993
272
283
59
867
982
840
810
127
78
668
428
82
290
79
84
749
433
175
989
455
320
268
637
216
663
367
657
267
846
790
142
868
567
179
100
339
957
791
751
215
990
273
673
966
413
659
682
68
187
14
9
490
631
140
336
241
747
183
387
959
537
849
217
641
454
987
415
658
214
802
409
539
400
190
914
660
635
589
677
401
737
248
333
80
579
332
450
730
285
700
893
824
20
581
271
321
477
498
589
729
696
465
502
523
548
213
359
803
996
477
511
157
515
702
447
258
956
892
493
964
326
431
65
479
262
667
150
19
725
568
709
479
43
516
639
305
523
805
650
291
697
380
206
152
802
30
40
847
483
85
167
631
765
718
365
868
231
772
591
952
364
421
601
629
55
979
780
658
260
958
234
813
401
32
675
841
885
490
72
696
807
621
456
826
970
203
922
654
752
238
682
815
877
345
591
155
997
790
541
465
168
496
758
81
396
691
718
89
900
168
239
908
41
197
306
285
462
428
903
829
880
931
631
641
285
692
976
56
524
102
121
316
270
612
375
62
203
755
951
631
528
450
204
148
687
421
707
153
768
467
214
642
63
858
534
638
390
950
324
357
524
281
842
907
366
328
509
749
269
610
645
148
224
391
137
800
179
422
309
446
960
759
493
829
214
10
838
189
839
904
171
873
510
681
142
343
568
733
247
462
434
391
426
655
292
38
476
575
413
238
110
355
423
576
885
685
404
133
577
247
56
936
556
677
689
332
350
904
533
515
255
704
235
146
804
881
813
577
630
673
675
663
231
481
852
21
502
531
401
114
437
243
546
263
25
328
733
484
145
205
764
195
395
307
671
138
876
426
178
791
743
87
951
936
143
528
255
800
960
942
133
825
227
714
356
702
320
251
939
599
793
343
5
123
36
128
366
385
626
761
323
760
694
65
921
976
208
375
952
144
378
519
457
890
106
603
310
899
994
822
834
359
980
749
617
21
514
279
408
46
157
70
264
932
637
879
423
689
904
542
272
725
846
421
924
845
356
263
313
800
263
440
338
659
212
264
199
135
205
895
46
801
695
107
794
51
690
359
227
730
64
726
622
439
722
761
15
210
375
686
348
251
150
298
68
75
415
903
735
851
685
905
759
778
278
333
784
229
246
828
796
131
640
495
259
87
335
515
369
185
684
271
175
862
881
147
567
935
334
555
682
616
33
260
116
18
907
855
651
947
129
628
987
211
704
56
678
299
517
842
322
722
155
290
331
912
718
692
307
246
600
516
111
709
834
633
452
847
862
879
353
675
970
127
887
204
448
794
223
772
835
231
906
989
548
193
967
209
358
196
688
234
967
489
870
12
640
560
727
506
847
557
932
326
603
486
976
325
415
733
14
35
363
425
314
298
207
65
11
393
769
716
807
107
305
50
120
236
275
760
597
451
149
682
436
805
362
121
430
239
806
767
484
750
139
961
897
250
899
637
935
472
423
795
151
751
71
953
563
925
299
513
183
123
945
686
527
686
856
471
122
592
637
971
376
342
476
630
471
123
209
43
756
750
527
2
441
39
145
355
986
455
471
428
460
640
764
408
647
75
125
769
547
713
812
823
746
140
422
481
781
879
841
59
105
435
258
465
19
291
223
755
714
802
360
529
636
340
19
561
12
674
249
503
434
682
891
908
427
999
224
122
962
996
155
638
855
495
65
799
695
275
656
359
621
774
735
935
616
541
713
32
452
789
43
951
669
724
481
753
98
678
172
416
614
868
95
604
189
266
362
181
973
280
382
15
122
244
865
791
927
13
733
350
41
555
293
116
838
349
615
527
447
699
56
19
34
638
724
652
907
684
837
506
979
200
455
676
481
682
761
497
561
739
854
450
466
403
53
92
917
215
909
269
10
717
101
309
141
129
227
191
281
517
148
231
307
757
588
6
203
161
