166
940
439
150
669
141
656
671
580
464
344
496
99
196
100
220
339
987
87
383
445
500
432
830
685
835
13
813
77
772
943
585
95
104
407
128
426
175
154
222
937
71
489
50
809
163
572
760
234
16
417
887
495
732
791
53
113
55
7
450
337
383
293
691
533
694
244
304
493
639
512
288
622
314
648
179
14
667
131
257
289
377
369
649
692
214
334
988
64
419
435
963
138
958
998
509
968
974
651
758
590
566
363
933
633
80
507
173
44
612
488
927
210
313
650
821
467
915
582
961
674
478
601
631
670
418
41
745
856
927
262
250
788
395
649
285
244
818
988
767
649
541
203
586
739
622
817
539
299
442
598
670
47
272
503
416
174
698
22
862
156
866
636
292
48
671
92
608
461
231
170
681
862
407
612
186
589
361
664
155
93
581
62
874
94
171
303
261
314
767
782
923
102
358
30
76
218
113
260
927
725
280
62
547
674
569
596
671
208
73
910
469
873
753
127
932
624
28
88
790
569
73
8
130
892
228
858
779
962
82
192
936
819
717
831
517
359
260
882
889
779
398
435
34
247
488
328
806
254
958
643
611
309
935
932
442
695
92
234
23
600
113
848
92
425
85
877
191
379
119
207
521
992
930
48
312
710
26
673
287
101
399
446
316
556
81
331
723
951
589
430
881
803
80
892
220
29
416
224
313
16
195
153
309
805
818
20
984
112
478
554
463
720
279
604
409
151
345
291
365
603
383
412
178
365
332
605
510
320
768
593
683
204
175
314
599
611
241
16
715
955
597
372
558
934
551
682
379
54
500
215
896
565
628
79
648
964
791
274
684
258
523
167
13
695
389
130
797
842
397
394
615
560
775
838
92
838
423
714
928
881
733
44
908
483
569
252
781
97
89
803
828
771
249
755
463
667
106
815
681
130
742
676
782
903
579
977
721
729
198
587
209
831
98
36
825
278
641
684
743
915
729
337
864
58
379
395
946
110
168
899
322
914
525
614
222
543
217
356
629
407
365
421
358
226
291
758
903
838
137
288
688
692
856
867
311
288
296
753
52
442
895
221
695
299
250
814
697
930
539
623
369
176
971
497
192
504
417
554
999
555
308
440
447
50
254
929
216
366
713
493
591
893
710
934
770
197
212
886
414
398
798
202
91
307
625
790
277
994
756
849
799
788
960
442
371
735
418
835
301
466
830
901
585
352
678
965
186
952
964
829
797
100
125
830
244
114
654
436
327
840
691
378
824
939
925
760
190
608
412
514
813
732
870
195
276
522
807
554
879
716
849
572
717
844
357
554
645
339
411
268
341
377
783
885
195
838
524
785
687
656
477
133
832
46
850
823
351
533
440
22
849
73
468
970
32
558
905
966
172
999
576
277
230
991
999
731
326
126
637
838
22
982
797
709
574
326
809
855
713
95
633
231
232
878
445
343
509
985
119
971
75
614
548
151
124
720
412
51
771
642
167
702
875
273
123
801
783
926
44
61
252
41
547
591
228
492
195
635
204
63
759
552
129
671
519
275
134
957
37
757
144
196
507
321
838
643
920
745
571
700
875
672
767
323
750
54
101
243
390
23
318
774
458
933
781
164
707
655
52
214
531
378
127
170
376
31
23
18
291
493
883
544
180
777
810
549
985
419
483
195
495
842
33
527
488
723
473
587
581
302
422
890
422
449
535
846
215
401
455
214
445
470
261
788
794
231
613
607
101
494
71
451
462
357
750
546
64
0
316
637
944
77
700
203
413
586
712
310
24
926
140
937
534
483
546
798
643
514
928
344
122
167
927
549
570
990
85
478
507
463
182
818
546
846
326
23
848
182
906
386
58
726
535
706
349
116
947
144
912
34
883
657
478
871
645
295
52
399
335
789
312
117
311
65
699
864
724
111
945
939
125
100
598
922
545
464
322
730
734
432
504
664
126
98
708
349
719
2
235
96
314
597
616
444
311
588
508
547
230
43
629
412
513
746
947
25
592
740
527
532
317
703
420
667
753
571
290
657
943
182
168
591
216
839
427
843
86
329
797
312
700
515
167
158
46
126
433
476
246
182
209
738
862
36
147
772
77
868
345
628
939
155
691
790
519
875
696
419
140
969
717
430
135
414
765
283
764
6
178
641
825
558
723
181
675
481
198
97
88
364
632
173
933
672
435
525
153
648
15
890
41
692
908
870
53
142
735
506
75
427
788
354
99
755
130
700
659
356
109
228
531
556
552
516
748
990
289
90
188
224
81
754
957
186
572
830
656
289
566
555
683
860
431
838
283
783
601
447
246
950
439
909
599
596
912
657
503
638
396
175
754
553
534
819
193
339
859
368
590
800
386
703
661
355
764
246
808
768
942
887
771
519
772
578
162
220
161
677
688
109
460
395
122
940
885
204
43
310
785
4
25
203
730
69
143
390
234
193
92
423
137
26
332
127
486
837
614
284
922
200
622
406
675
831
316
41
591
341
708
996
87
720
271
681
543
550
635
950
83
455
998
884
811
723
928
270
210
214
490
763
692
624
689
728
23
722
272
168
443
438
453
797
524
358
626
772
640
584
935
755
36
969
838
334
460
303
855
715
835
467
845
755
607
735
409
850
280
236
446
448
410
16
372
81
650
757
369
130
478
693
213
565
615
901
140
151
291
480
777
199
38
446
417
242
746
20
62
213
711
470
974
666
636
673
163
488
270
382
460
764
456
708
699
804
364
278
416
293
617
741
655
498
294
766
389
25
526
351
832
529
372
446
672
727
368
556
353
857
218
160
74
338
847
238
459
703
83
353
858
537
622
350
583
820
561
668
465
327
306
377
968
14
342
886
644
885
263
582
302
837
886
179
373
331
795
202
924
463
130
80
875
619
200
188
418
413
591
87
725
190
87
289
548
620
958
438
138
748
152
753
433
740
386
992
964
881
387
832
590
20
124
34
857
90
586
374
688
492
930
655
537
308
508
360
717
498
347
141
387
814
740
148
308
918
620
773
136
706
351
905
552
46
167
255
877
856
722
109
450
11
839
164
181
963
618
868
756
609
662
499
837
929
138
88
14
227
55
932
695
951
289
44
204
485
692
712
992
243
657
439
126
192
912
335
153
857
104
711
471
881
78
712
153
367
99
508
543
722
873
37
362
808
974
345
305
16
618
532
472
628
846
654
206
460
997
815
701
974
527
561
576
210
28
141
680
910
550
352
647
965
818
583
841
893
57
288
984
520
657
307
271
43
385
354
8
278
430
717
986
260
927
864
309
764
967
537
745
70
756
180
982
786
124
226
52
637
360
362
127
917
779
790
323
640
548
753
222
80
642
775
150
705
143
686
512
446
913
884
891
641
229
25
733
754
348
86
596
130
579
902
759
863
742
892
14
690
709
541
599
32
17
959
555
191
728
330
624
130
367
95
112
837
512
534
450
868
5
212
55
578
355
484
736
214
330
221
710
819
956
21
491
39
500
397
239
484
873
717
149
958
859
472
383
460
398
900
286
938
700
43
999
774
896
533
746
634
584
850
229
1
714
274
777
277
59
375
996
705
643
774
727
811
709
554
359
196
14
857
457
506
764
483
906
398
657
784
310
218
568
242
834
869
351
459
779
122
685
879
296
325
278
741
757
536
492
730
914
318
433
687
244
86
315
365
242
249
663
518
778
335
137
21
5
639
106
744
40
758
859
588
597
706
657
939
545
791
577
162
903
289
62
750
61
692
265
680
686
481
113
789
104
857
403
43
206
182
859
145
544
800
388
343
802
326
300
230
922
126
588
865
862
87
790
948
622
76
783
884
365
132
616
503
70
624
272
557
581
188
668
455
35
601
801
143
262
250
368
257
625
902
940
320
311
646
73
499
6
496
525
57
393
595
187
108
526
211
901
274
258
999
226
313
858
321
953
220
83
966
965
505
916
983
537
934
986
719
310
395
356
942
242
280
329
382
179
826
919
468
477
531
45
312
872
600
723
552
189
967
280
10
298
240
892
897
844
43
72
178
309
474
650
376
407
488
181
892
192
731
65
977
974
126
270
943
348
811
407
158
877
399
853
342
984
37
553
516
349
911
199
551
752
586
695
796
283
618
173
343
393
670
75
291
856
325
406
828
38
218
518
970
408
300
18
273
278
784
660
375
27
731
984
414
956
194
435
171
159
229
513
605
358
36
895
466
916
248
675
22
967
637
265
94
967
78
207
700
381
914
107
515
647
622
723
302
188
235
342
204
347
345
89
671
609
68
604
61
898
14
750
934
103
965
918
600
993
838
532
943
829
170
856
784
537
632
233
264
814
28
720
337
182
382
774
885
767
14
42
374
641
367
520
93
749
641
119
297
719
611
858
138
101
840
929
926
976
506
472
308
610
901
777
512
488
757
886
479
635
202
185
435
706
515
551
680
386
881
802
32
864
357
727
845
550
293
256
725
572
915
922
490
761
494
249
946
186
741
962
500
883
273
609
13
444
827
701
930
901
518
273
87
709
197
900
903
703
672
523
236
958
923
206
290
859
528
704
287
148
303
986
190
359
642
187
148
768
366
433
498
823
390
899
780
789
482
354
113
961
433
788
949
254
827
235
771
367
730
846
223
805
641
695
603
784
574
157
80
773
124
266
623
87
652
416
632
665
957
279
91
363
345
474
390
371
314
299
350
157
676
908
409
614
813
967
148
54
571
56
88
420
21
866
434
502
533
623
435
921
292
85
573
894
487
533
288
246
768
741
100
279
487
488
239
55
107
204
425
936
755
557
653
157
370
648
179
820
275
386
485
932
857
858
183
873
715
285
642
838
501
281
442
883
826
19
375
863
201
485
313
375
790
858
528
687
250
708
458
128
965
704
278
563
179
440
128
101
965
882
958
132
754
391
155
297
670
766
218
566
9
873
118
186
346
65
663
506
62
126
991
459
468
873
581
469
483
582
274
178
486
308
938
135
694
759
670
722
537
824
368
181
298
882
494
826
713
576
818
904
973
430
849
484
727
21
131
331
152
556
835
951
301
147
327
112
418
753
466
69
261
656
232
52
837
703
450
462
955
625
187
886
543
364
529
516
230
413
704
621
802
313
380
837
747
47
301
887
717
261
984
819
985
24
884
10
785
48
882
831
678
275
232
559
260
888
575
42
241
607
508
298
906
255
596
195
238
24
612
539
543
547
176
396
398
519
738
912
230
309
805
613
572
957
154
209
309
410
419
655
641
228
791
114
167
997
829
258
968
623
908
637
544
163
722
863
267
100
339
173
724
94
589
895
100
401
889
756
33
323
149
354
549
804
768
846
449
139
469
433
209
522
644
844
761
342
581
693
368
561
807
162
444
691
952
869
807
470
877
537
473
697
436
84
701
624
160
294
544
729
102
1
239
234
13
9
233
762
371
229
558
989
230
575
565
908
271
905
780
556
294
984
827
821
306
893
74
878
656
513
941
264
126
417
956
104
176
843
88
320
58
992
771
376
431
899
352
697
274
544
651
187
819
16
761
736
669
468
491
288
213
352
287
222
829
10
264
538
794
779
991
897
499
374
954
242
971
574
604
298
41
669
900
187
102
346
563
392
326
442
88
708
762
450
926
764
853
516
377
546
38
273
925
819
902
942
128
707
683
369
209
864
771
102
248
748
293
941
519
727
892
318
10
292
502
168
363
802
724
310
361
735
43
572
410
96
595
904
631
492
828
308
287
993
322
307
30
126
49
330
311
124
641
473
248
791
368
426
797
929
324
713
288
776
216
180
287
23
25
877
574
379
249
206
887
271
364
389
823
178
993
760
778
182
963
994
106
557
729
935
356
719
883
612
540
711
166
395
931
271
993
813
917
521
449
136
448
496
458
92
585
590
255
40
225
487
836
306
129
773
297
127
97
662
58
376
47
875
541
534
806
266
187
911
629
135
739
426
874
686
284
103
750
883
233
2
115
534
122
9
243
689
448
996
3
764
320
709
584
204
957
408
145
647
647
940
525
267
864
962
998
535
641
447
366
642
992
733
608
339
573
878
387
152
61
323
986
483
263
258
704
466
765
150
266
502
301
612
429
798
840
891
811
725
683
91
23
353
940
346
25
830
759
258
38
842
290
847
887
954
133
775
502
565
822
387
492
135
428
510
246
977
187
611
1
151
448
108
91
498
149
744
380
687
670
740
294
39
21
397
241
297
227
957
386
397
721
997
532
298
894
626
959
115
161
83
952
389
329
49
250
996
962
88
852
734
116
253
722
88
111
296
976
848
33
372
844
530
788
189
564
727
521
361
560
587
217
522
673
766
838
267
26
990
461
561
846
851
559
364
274
699
920
654
253
622
855
995
141
61
623
890
155
838
878
755
122
907
620
169
403
292
606
58
189
66
460
372
628
294
815
354
143
881
312
839
622
157
885
675
852
220
28
356
569
568
261
487
260
882
602
751
311
190
619
661
122
335
816
288
925
72
54
71
368
11
118
245
334
132
434
203
865
536
841
797
999
227
781
414
670
920
595
93
956
669
515
116
450
741
281
798
161
407
99
74
766
527
443
53
562
980
935
244
845
138
336
746
332
416
904
495
56
261
839
738
594
615
751
945
180
596
719
414
921
972
357
27
999
238
359
705
644
579
404
334
71
216
823
766
849
648
748
635
971
745
773
23
945
669
207
769
792
508
121
743
716
888
589
539
973
481
442
897
611
26
513
488
295
868
351
671
292
417
18
841
278
276
343
308
354
615
579
391
382
989
288
810
986
257
747
90
440
495
4
421
191
865
54
523
654
180
703
533
335
669
306
66
82
590
995
440
396
757
450
249
55
543
756
270
636
633
295
31
462
47
93
252
505
393
634
734
291
146
633
985
810
330
555
134
102
559
378
364
271
80
526
423
530
578
797
196
961
550
656
427
881
275
28
694
136
48
286
753
662
589
931
147
243
242
599
276
602
815
948
975
180
318
861
634
0
335
419
291
185
458
840
678
848
914
98
540
828
792
394
390
536
629
822
466
556
532
388
365
622
663
360
498
178
121
168
778
807
348
133
444
229
324
437
359
596
996
327
910
22
495
926
627
992
985
106
343
436
704
691
912
283
397
240
876
785
351
975
622
1
290
421
103
940
260
696
454
364
152
243
643
317
551
506
784
118
747
479
505
892
782
700
606
16
987
18
382
218
626
465
111
14
362
33
275
862
666
985
588
240
616
877
372
9
262
877
894
386
66
444
169
699
237
959
774
29
927
327
8
620
473
176
828
52
666
690
153
163
854
255
793
856
451
463
752
555
150
601
93
509
158
243
111
257
223
363
849
611
83
534
73
759
171
762
230
101
836
616
792
12
352
884
204
389
786
39
232
874
718
428
924
278
607
82
594
662
411
930
743
593
613
281
386
636
682
232
180
761
638
538
969
200
136
526
902
558
115
310
979
510
918
159
339
798
830
674
674
475
386
330
703
119
583
175
546
946
949
714
487
870
602
922
483
752
934
798
606
932
767
788
258
8
918
250
700
947
305
467
432
879
946
284
154
110
584
327
642
9
596
759
295
118
927
198
463
315
154
364
445
318
366
952
285
302
334
276
237
688
881
644
204
755
876
935
391
333
807
818
321
377
999
201
923
736
109
303
220
233
420
543
651
908
673
20
603
491
998
398
358
754
703
431
885
445
408
13
887
332
278
768
488
227
214
526
867
501
476
445
931
314
341
9
167
366
742
710
13
364
958
665
576
499
281
482
628
687
223
900
753
731
388
496
838
966
513
879
193
500
188
31
492
527
435
320
273
741
998
711
570
179
478
779
114
514
960
494
304
145
983
798
742
163
825
596
324
395
385
452
210
901
773
743
822
231
208
621
195
320
698
983
123
815
38
724
301
471
917
595
650
945
802
329
13
107
877
626
690
776
300
93
569
880
55
995
634
786
914
176
794
471
161
222
543
384
798
446
105
355
159
952
122
377
238
165
135
588
665
883
167
535
643
1
324
694
226
404
895
409
955
905
809
875
538
91
959
623
903
168
437
693
525
239
967
657
373
404
548
940
907
935
780
24
782
34
939
142
542
162
134
315
481
544
150
754
119
296
58
499
943
305
314
325
689
326
690
159
662
260
99
510
156
318
344
522
70
862
519
105
91
125
598
344
94
252
369
647
719
971
17
372
496
90
695
867
458
590
818
725
80
767
45
255
796
840
932
5
537
46
344
237
330
188
864
32
377
238
427
399
522
293
36
67
584
411
877
784
632
679
671
122
285
611
49
681
44
276
407
609
201
266
29
277
777
984
228
380
826
902
155
636
543
406
106
799
681
507
100
83
451
209
827
279
684
833
880
299
946
371
354
398
757
553
903
734
785
345
545
12
689
692
795
61
864
957
476
248
241
204
243
549
147
763
420
51
597
128
17
237
384
677
685
901
116
597
165
434
539
143
696
14
430
479
760
923
700
332
953
487
170
980
594
45
624
967
538
990
560
242
45
864
372
178
567
38
712
668
656
280
590
986
48
636
425
721
340
781
796
417
66
819
819
436
314
979
546
411
134
809
629
573
188
163
688
361
960
423
352
391
391
952
785
450
298
589
802
760
231
739
262
301
671
172
292
524
739
839
713
192
344
682
4
410
845
662
242
756
546
602
596
46
259
210
342
614
861
745
905
757
769
213
811
880
343
939
605
548
76
890
221
606
631
947
101
625
824
897
780
553
330
46
988
32
556
823
540
831
946
369
758
64
929
932
683
249
450
670
758
236
710
939
70
756
484
332
856
210
806
485
109
521
579
156
984
799
217
943
491
885
320
724
137
617
631
167
23
242
921
384
735
595
128
643
21
948
878
332
350
45
111
890
637
92
579
27
792
753
354
424
674
600
705
699
963
935
132
502
501
193
404
718
432
594
299
432
200
220
118
531
645
361
235
814
372
738
874
147
68
119
184
276
867
536
914
644
210
963
864
298
926
711
106
314
497
481
991
52
337
653
459
977
791
511
312
811
618
898
801
468
148
241
867
746
213
220
253
73
464
230
202
530
171
604
492
667
258
696
451
791
222
991
486
951
282
199
889
976
47
54
720
871
120
583
203
163
920
454
282
426
595
381
323
414
939
184
49
273
28
263
263
247
481
321
806
52
528
17
380
413
163
348
14
395
521
728
95
397
797
236
352
837
157
187
882
247
765
266
58
485
565
557
957
566
337
861
517
416
991
677
610
379
70
733
324
776
333
614
391
634
250
374
376
372
916
535
176
404
787
636
287
654
614
843
930
739
613
169
504
572
513
242
810
833
400
128
81
679
294
599
580
370
216
110
218
255
858
432
604
269
972
348
831
756
600
505
761
767
199
238
449
670
917
897
620
120
458
423
974
927
50
324
790
644
303
723
301
404
414
7
743
307
120
195
738
0
161
279
128
193
814
564
520
633
778
947
554
822
306
312
250
576
467
621
788
808
112
156
609
901
232
972
577
60
863
169
386
217
923
789
887
945
778
147
676
770
586
813
529
141
378
924
878
771
159
905
286
990
145
698
79
289
408
463
729
315
664
69
404
703
957
242
71
655
243
722
902
555
812
42
108
517
704
123
154
191
424
946
334
935
972
69
207
41
790
432
463
469
358
896
451
451
14
736
816
572
425
763
206
923
376
297
793
4
614
581
93
372
5
166
154
858
759
725
280
252
906
718
685
700
302
155
437
76
368
253
665
487
444
476
619
971
182
825
424
436
570
402
39
547
630
342
146
359
972
393
75
18
500
50
241
495
529
84
602
426
202
362
802
737
412
110
197
953
814
531
786
189
334
961
58
643
242
834
815
46
210
539
391
59
996
972
83
886
63
428
907
509
452
519
357
969
345
577
21
360
73
671
535
949
497
604
771
516
467
657
73
840
136
361
357
560
106
684
572
986
832
666
336
494
966
763
559
911
556
364
659
837
509
621
966
486
555
177
829
182
680
949
7
741
712
28
53
632
686
506
475
914
293
248
200
12
344
559
51
531
491
625
774
658
819
876
88
575
995
800
366
586
938
196
577
755
569
748
118
315
809
109
201
407
804
428
995
624
634
420
111
414
128
550
983
862
220
286
708
841
443
27
846
903
279
7
152
740
99
696
216
42
297
287
566
439
23
127
83
281
332
48
963
919
577
68
462
113
374
585
115
451
122
449
454
398
424
342
508
327
830
786
36
476
887
182
25
604
436
305
773
167
918
195
168
718
248
843
178
772
858
862
469
349
784
393
166
869
77
49
525
229
818
664
522
441
68
595
675
270
365
658
708
90
321
271
230
796
379
275
51
126
537
93
569
559
854
388
749
206
390
327
793
932
791
19
641
690
7
909
19
579
496
849
782
323
915
803
756
680
116
267
866
623
186
838
855
186
514
538
227
297
500
34
243
7
470
203
154
134
623
398
970
293
815
584
147
833
830
670
67
442
362
460
127
944
28
776
944
573
549
843
418
884
221
72
281
563
709
376
613
917
982
916
847
179
441
997
980
212
336
873
586
466
620
230
361
392
809
12
324
681
111
110
856
713
123
538
116
26
733
433
521
808
667
977
307
86
22
265
17
285
995
764
378
985
764
225
121
735
184
698
426
476
185
117
173
688
684
576
435
595
527
472
246
270
942
675
486
869
342
531
713
803
277
118
683
471
497
293
750
901
257
874
19
776
281
142
722
335
370
753
30
318
209
859
341
231
822
530
623
768
481
213
853
142
872
993
380
474
819
786
617
747
420
236
47
173
585
202
414
720
860
223
103
20
965
699
454
11
469
344
599
31
887
157
708
911
451
403
989
860
98
95
345
824
441
527
629
801
807
281
651
227
49
24
492
836
577
367
720
859
562
107
237
683
72
21
343
645
597
645
439
36
302
509
583
381
72
917
989
646
493
402
622
6
515
549
213
214
431
673
532
718
694
397
930
595
148
659
309
40
184
207
298
722
928
660
3
289
817
924
528
699
322
791
313
67
353
310
923
379
974
695
377
461
975
908
317
952
291
431
719
720
459
393
541
719
142
380
68
652
860
421
518
801
501
942
196
649
35
170
381
401
717
787
928
887
198
457
607
712
45
203
709
774
190
395
553
66
105
701
499
966
65
400
406
799
376
320
534
921
321
651
829
363
542
499
185
724
835
979
719
382
19
574
670
913
593
756
589
652
113
462
39
192
817
740
49
389
586
893
616
673
651
855
72
958
928
655
171
396
111
532
911
79
419
879
787
82
332
677
546
675
831
704
225
449
178
675
406
276
371
133
754
468
913
7
864
124
419
281
398
720
696
522
612
397
519
423
731
616
287
942
32
881
449
739
80
785
429
555
382
779
339
479
515
719
212
987
829
876
623
440
171
207
247
246
432
311
189
318
967
547
555
687
222
790
993
847
189
945
299
853
752
226
858
876
259
540
402
723
303
311
516
163
586
65
333
584
83
37
903
108
518
603
678
472
4
536
389
580
392
832
266
393
933
25
968
772
372
738
252
334
420
531
906
219
994
199
272
840
452
639
195
840
897
905
185
904
372
497
95
921
552
278
956
886
517
593
237
583
259
817
746
758
31
491
433
880
4
368
66
365
68
958
435
603
103
36
821
16
259
896
398
431
557
812
744
398
967
961
602
229
355
906
621
49
622
684
570
921
552
332
466
169
867
914
358
150
2
508
472
424
940
502
954
335
553
889
989
879
692
937
293
134
577
596
755
152
90
616
387
856
525
12
136
146
656
201
996
270
639
226
84
632
629
626
19
662
241
893
733
866
435
874
679
457
176
943
318
363
202
406
21
395
139
254
259
9
651
597
749
262
624
557
743
728
950
892
608
879
352
137
695
783
117
203
425
559
118
860
853
865
366
718
441
59
99
69
165
894
245
421
849
621
125
29
523
223
400
237
411
489
332
91
883
174
833
900
561
376
467
490
959
196
704
225
749
568
669
926
933
984
470
74
824
114
29
403
711
679
115
139
644
963
189
462
217
702
784
486
185
508
472
137
614
242
902
982
579
378
368
691
859
889
461
195
338
246
249
526
275
846
406
393
889
278
724
807
65
617
114
792
991
595
477
34
545
780
592
517
162
985
205
459
919
567
299
40
119
25
257
14
934
757
225
332
795
378
993
920
779
589
302
962
973
244
313
875
928
474
815
207
97
84
283
951
842
331
471
641
495
659
780
107
626
404
398
838
610
479
539
288
695
107
540
917
26
568
837
983
691
35
714
507
282
876
427
349
266
149
802
111
858
396
802
742
430
826
690
406
182
765
234
255
294
546
126
192
342
415
464
139
906
369
147
345
980
297
485
999
584
804
828
337
433
451
868
550
714
720
744
4
656
691
208
934
110
404
529
563
177
137
563
289
397
962
535
801
751
555
96
941
868
970
724
287
578
546
10
324
758
367
606
217
542
682
842
292
288
527
96
655
922
54
830
608
204
655
784
196
291
290
924
141
175
437
770
938
183
135
51
15
827
933
196
404
186
666
315
762
493
421
113
98
267
989
984
128
47
944
134
929
592
181
659
497
775
654
424
881
734
643
72
575
631
706
611
237
994
539
57
702
603
404
972
142
500
272
769
114
630
141
769
177
246
645
242
65
622
349
315
484
89
301
480
44
99
96
355
701
744
469
60
170
948
684
242
43
275
733
650
221
106
981
975
731
677
602
412
595
650
442
950
892
630
7
868
463
143
862
35
555
506
359
37
845
534
359
595
368
9
637
419
338
609
786
219
855
909
172
158
305
13
437
702
632
415
463
692
31
588
651
972
639
258
851
260
408
891
108
414
765
790
55
891
975
725
994
139
197
798
747
267
267
310
725
662
936
491
806
359
108
8
696
53
106
967
319
24
162
458
498
188
658
466
261
139
342
716
166
944
414
265
223
545
783
589
283
484
421
42
212
838
519
429
117
647
883
273
644
650
643
427
450
812
784
790
797
491
343
136
982
321
473
596
695
288
319
649
975
304
477
852
825
120
479
321
153
457
746
112
441
945
244
902
772
591
190
808
177
834
808
143
473
62
654
145
300
353
34
204
553
363
275
233
61
453
900
142
166
132
479
484
832
510
124
971
391
468
236
634
415
312
499
187
329
137
550
94
142
620
17
717
584
541
596
401
767
111
391
795
866
192
947
525
903
273
299
474
53
28
59
282
31
326
567
931
52
616
760
229
293
224
515
332
62
893
2
100
600
924
487
632
854
564
789
435
15
345
249
627
924
30
874
530
747
604
165
415
35
283
268
164
632
326
472
177
561
348
60
210
416
212
348
757
314
817
262
478
728
166
383
702
525
876
441
57
89
57
300
502
326
491
299
117
705
877
760
829
10
778
722
907
343
320
902
185
86
158
628
286
642
433
268
579
496
835
833
838
251
230
980
434
20
839
388
599
630
318
180
78
993
389
949
735
709
616
934
686
594
740
697
556
93
402
705
962
61
589
665
683
999
850
70
434
639
729
919
258
424
417
691
165
678
336
780
535
881
259
691
707
917
50
357
350
848
512
116
163
100
994
633
999
766
206
432
711
285
270
284
38
447
661
717
82
888
641
264
281
197
665
118
913
952
521
806
261
252
836
623
15
844
777
441
562
23
610
324
151
183
448
956
483
954
331
843
966
32
505
295
479
727
44
782
950
19
457
22
786
849
397
274
796
414
75
642
908
748
397
162
395
445
655
950
737
11
266
348
471
407
767
315
535
816
857
483
147
486
337
829
715
151
780
811
772
746
664
563
477
347
159
361
227
535
691
827
8
416
490
672
703
123
372
75
387
239
827
181
584
681
513
289
674
478
57
140
349
200
727
381
5
269
49
425
951
36
226
994
104
170
661
184
444
484
743
872
569
582
232
765
254
443
747
316
886
813
91
861
457
720
856
511
828
930
707
626
320
654
343
99
897
313
617
179
232
380
873
545
219
395
376
50
131
805
204
902
174
718
539
732
471
369
749
217
883
786
796
93
532
443
296
406
395
853
294
185
514
49
465
14
72
967
820
548
176
151
695
277
660
415
544
979
982
101
811
75
168
724
541
185
5
116
446
188
135
533
581
587
25
620
328
744
392
322
612
932
262
217
666
523
831
169
811
449
32
450
557
438
284
906
653
654
369
433
328
564
19
371
693
232
879
573
446
742
347
756
663
569
244
859
205
263
239
211
531
223
108
608
904
969
896
226
101
717
706
345
118
430
784
581
104
664
939
508
442
328
401
765
70
987
729
820
113
666
572
47
689
308
450
353
183
412
34
317
949
749
79
390
170
459
231
420
539
820
285
913
812
134
618
116
256
411
703
430
990
747
278
147
60
336
210
580
592
520
564
315
212
54
999
454
170
706
295
343
288
330
213
627
766
337
126
314
134
991
437
671
915
762
941
721
909
939
292
840
275
892
876
859
235
632
428
82
518
467
439
80
895
292
699
611
77
424
421
367
175
42
115
344
72
815
977
479
524
374
48
502
249
672
804
791
313
876
541
634
487
119
265
557
392
658
935
409
4
196
63
483
108
337
905
673
823
555
635
637
520
128
46
822
402
781
403
989
839
409
498
125
220
581
900
512
138
379
866
989
369
227
444
910
149
814
959
697
165
173
225
381
698
546
535
944
333
985
169
534
692
248
907
693
575
85
375
879
749
567
114
903
708
175
93
631
377
336
573
113
973
709
196
165
721
739
745
595
211
63
590
546
545
104
824
56
973
407
20
330
866
726
752
822
198
8
528
831
289
696
563
970
293
676
757
415
974
443
893
625
683
404
58
577
557
849
289
591
88
404
994
43
617
825
837
308
119
469
711
735
476
380
425
434
813
737
786
289
864
322
108
536
502
642
261
218
217
819
255
258
392
707
57
696
457
527
103
503
926
382
360
532
787
39
639
793
630
28
925
451
592
737
268
649
60
256
255
798
965
511
960
905
300
261
801
939
331
888
576
672
252
347
565
921
325
246
133
921
248
302
948
71
381
743
703
940
156
271
160
382
336
348
789
731
637
321
419
922
974
661
886
735
832
812
476
333
987
43
52
113
274
318
465
52
713
556
955
737
534
253
928
232
355
915
878
594
867
455
397
70
147
293
187
427
347
234
383
935
693
861
218
248
493
684
147
265
857
784
250
719
507
84
879
188
69
26
812
396
93
775
592
470
97
624
846
909
812
917
101
400
618
828
977
327
96
249
498
623
343
804
795
455
331
956
629
524
783
123
621
466
827
938
460
556
401
191
910
158
188
171
814
368
730
233
351
702
684
12
157
470
491
80
782
865
437
604
395
782
128
110
555
484
455
911
522
654
123
760
181
36
843
158
538
519
22
595
46
380
192
677
526
190
876
842
82
525
826
308
223
707
689
817
77
481
534
742
360
669
350
422
602
527
248
581
121
501
742
290
516
955
37
564
140
134
867
412
17
827
745
428
531
315
146
238
634
379
35
488
928
169
194
798
173
969
820
153
475
161
161
695
435
905
739
306
135
928
320
109
426
50
243
637
29
894
130
828
588
216
795
820
8
530
329
138
502
584
78
968
648
156
112
808
922
295
457
774
175
394
418
646
293
364
80
613
799
164
370
668
50
385
65
882
986
328
144
385
485
718
487
133
984
342
147
96
777
613
528
457
61
629
833
197
355
751
423
119
216
884
313
69
812
630
499
203
541
642
594
644
930
297
382
293
427
847
377
948
552
395
159
617
423
696
262
333
562
620
9
760
255
15
432
271
418
350
393
318
952
825
885
481
166
906
508
178
753
999
170
150
479
369
735
601
190
933
425
547
11
195
821
618
30
558
526
138
92
531
916
843
101
661
249
858
895
712
480
827
571
165
687
485
310
310
511
526
427
642
65
569
854
123
180
388
412
710
348
535
506
43
948
170
467
206
943
431
878
773
859
288
87
682
344
594
941
419
920
594
260
401
719
518
388
638
581
543
409
178
209
949
316
879
704
540
826
556
15
319
252
495
309
226
343
390
580
579
484
712
266
780
882
216
179
674
659
554
625
866
325
937
446
101
162
615
577
432
322
702
0
266
671
943
437
312
441
329
628
475
571
93
28
372
622
672
492
782
397
880
391
221
368
930
187
334
828
251
366
711
395
213
763
712
473
229
956
298
855
347
207
7
747
122
790
507
335
16
34
745
544
672
528
248
506
70
279
456
387
834
512
248
621
625
119
562
208
657
985
713
887
492
366
65
2
406
82
792
244
538
134
163
262
641
628
364
75
541
131
971
53
838
327
691
641
674
213
342
646
346
589
932
139
547
105
696
81
978
301
987
943
260
216
333
693
621
154
368
780
31
174
8
796
317
298
304
925
136
444
47
538
306
168
875
346
569
519
412
177
686
26
556
783
175
423
406
895
794
747
533
83
195
865
158
30
984
89
896
778
522
237
362
779
663
297
702
308
350
193
654
928
802
702
116
252
547
924
302
443
465
686
513
121
427
915
709
157
599
934
282
105
82
40
369
323
130
960
494
657
650
198
789
192
182
420
754
438
376
214
565
57
290
124
438
791
621
829
110
719
113
542
126
872
798
324
843
729
75
782
267
857
500
470
577
40
801
210
175
725
861
510
436
977
813
388
52
123
946
367
736
318
64
500
637
185
391
585
489
845
985
259
419
740
902
363
242
759
989
440
858
97
12
51
82
123
697
215
641
215
2
80
891
929
338
493
566
906
853
577
938
199
702
598
896
666
358
859
937
87
496
192
827
370
803
406
368
399
728
213
503
762
428
776
807
280
712
924
745
805
143
609
518
535
648
576
417
667
109
358
510
975
355
647
186
728
411
327
317
621
272
629
318
291
834
57
413
314
314
63
783
944
959
484
949
813
672
680
782
767
899
125
199
823
790
400
584
651
820
429
881
125
354
655
772
396
98
8
564
425
927
822
599
989
267
24
184
441
974
271
568
127
976
912
710
783
376
448
980
219
213
49
708
927
581
589
331
268
533
48
509
452
153
290
193
435
4
381
566
44
337
117
430
737
19
958
370
687
275
202
111
345
280
546
607
492
451
900
74
467
259
79
495
219
246
659
574
378
842
660
136
460
203
625
336
190
517
831
276
47
533
172
791
771
211
841
81
34
346
703
858
849
363
29
626
767
47
296
596
978
724
525
324
746
362
611
799
375
694
357
610
663
319
814
150
611
167
341
562
450
700
748
314
870
903
619
238
582
284
746
662
995
564
663
564
407
727
764
106
546
206
381
558
711
921
225
92
39
812
247
643
621
903
427
458
50
205
289
60
833
573
888
945
21
776
19
912
161
562
716
393
793
517
242
464
424
746
141
367
297
313
15
379
338
627
77
10
277
334
342
51
208
577
547
471
480
745
328
350
178
787
202
573
267
58
370
63
640
556
937
737
224
808
124
986
912
970
138
843
271
858
35
27
76
154
187
39
396
127
351
96
377
138
135
405
487
999
149
555
489
229
166
809
27
703
382
841
569
611
225
300
816
545
415
37
251
742
911
529
858
314
335
989
589
238
299
121
39
778
524
604
777
766
483
432
212
375
783
551
52
885
58
573
65
435
555
56
535
902
231
62
552
433
857
334
632
368
421
338
106
268
463
963
762
287
721
837
650
936
644
580
248
713
303
167
464
71
550
220
942
314
301
909
767
117
981
826
537
856
333
215
936
381
957
151
450
31
887
264
741
770
312
161
799
135
30
361
830
734
289
594
170
9
678
814
88
967
562
393
784
686
44
152
377
532
487
312
531
360
94
497
789
228
385
380
560
310
647
516
44
672
148
705
898
909
797
370
233
316
945
356
69
730
434
933
877
339
860
54
908
984
862
937
162
168
255
792
67
288
507
534
584
637
294
473
21
284
263
480
452
311
33
961
304
443
790
119
948
920
373
146
700
736
118
455
292
180
571
106
72
699
137
97
532
653
687
515
885
295
95
56
896
759
755
923
617
402
345
45
702
668
345
284
477
336
431
540
211
593
5
500
79
64
634
500
31
175
544
374
281
454
179
91
476
507
294
343
816
303
898
896
315
943
889
626
22
88
544
455
551
7
20
541
505
23
574
816
289
468
569
522
753
624
43
424
10
372
91
791
693
194
962
630
332
72
373
190
103
952
306
544
777
989
568
261
748
568
868
124
417
228
562
359
757
327
160
367
609
674
913
226
25
547
153
289
359
425
188
759
168
471
508
159
647
77
931
85
657
579
373
888
289
959
273
982
501
897
106
617
753
469
249
304
498
649
30
921
837
336
287
742
649
310
279
269
59
613
338
900
832
519
48
581
912
597
553
878
641
95
632
108
450
317
147
610
553
910
258
188
575
878
573
241
658
21
227
849
971
374
120
987
250
741
566
985
358
581
432
0
513
265
363
859
612
513
910
191
311
624
444
764
675
395
47
290
60
508
527
955
945
640
91
856
941
717
935
199
299
393
807
458
974
103
98
963
679
323
867
719
874
672
300
169
611
431
428
849
397
563
67
420
603
963
323
645
851
807
570
860
239
943
293
830
22
960
278
294
995
49
601
563
796
589
716
161
150
801
765
37
198
561
608
923
171
94
681
721
371
187
831
922
747
648
298
84
178
542
983
35
664
196
25
322
844
265
450
118
195
291
58
206
672
999
550
152
936
826
589
845
644
920
183
648
525
963
488
883
411
671
932
146
158
539
770
684
1
706
206
192
948
723
634
100
9
29
933
875
89
919
422
704
496
728
498
78
38
778
317
51
599
756
21
204
318
56
261
338
701
273
793
77
976
354
845
392
851
387
507
173
816
333
117
450
966
377
55
333
422
251
497
108
144
861
788
792
278
529
178
131
591
446
195
87
143
712
532
681
588
929
827
670
436
604
169
628
310
60
775
844
342
280
301
38
893
401
638
575
8
175
528
839
535
361
267
237
681
596
327
263
758
398
691
532
869
700
259
245
768
320
986
587
292
263
720
682
141
682
926
223
842
482
40
166
845
202
41
696
422
472
885
130
648
356
467
9
99
860
931
701
724
55
887
315
906
568
307
112
634
358
105
26
414
906
465
745
585
344
191
870
726
610
655
899
993
553
237
124
174
525
216
860
850
279
622
627
111
69
870
326
99
670
810
815
258
942
348
135
963
212
26
18
89
19
573
417
515
558
414
981
279
175
634
747
498
897
440
435
434
140
776
486
480
282
311
663
904
288
24
825
939
654
269
401
839
675
134
693
381
291
360
461
660
26
34
313
700
165
765
892
469
127
114
679
169
441
288
793
783
142
318
765
457
334
278
133
369
57
554
894
439
863
75
291
630
493
520
975
240
691
660
997
175
412
531
690
774
285
294
901
391
673
845
534
606
340
821
101
669
383
378
652
289
668
431
208
101
802
451
3
118
739
830
830
344
44
932
230
351
764
57
300
824
857
246
937
760
343
539
273
796
371
406
527
979
520
11
794
354
839
980
207
247
388
154
247
64
646
245
939
172
23
944
541
241
334
649
408
440
369
16
162
175
478
461
472
6
820
967
643
195
69
514
715
289
911
617
881
327
508
189
617
725
790
196
792
636
551
277
378
151
96
707
55
828
664
624
902
616
624
164
427
338
388
22
653
126
860
378
211
885
492
740
529
482
377
764
765
137
157
307
135
379
789
709
856
541
89
767
162
202
571
570
896
254
196
960
311
316
211
6
262
626
359
900
98
596
751
937
181
398
536
706
200
62
600
525
942
769
952
16
754
676
423
560
812
550
164
807
905
405
60
941
369
270
213
690
908
665
2
179
375
676
880
771
484
583
264
68
840
495
423
62
648
631
58
455
14
668
165
836
809
384
318
798
644
369
822
929
776
275
568
593
691
827
277
981
131
773
710
889
550
305
172
847
436
873
13
678
887
111
576
342
633
228
554
834
511
540
457
918
141
992
10
691
322
308
622
681
909
986
379
181
688
150
376
36
940
196
872
526
126
751
42
878
376
827
224
176
243
765
200
524
907
298
240
395
699
869
549
399
283
717
437
544
111
278
410
156
378
70
874
774
739
524
414
251
967
588
600
897
119
325
25
865
907
423
57
726
871
863
424
990
180
214
564
985
522
537
924
456
198
185
149
767
279
197
811
366
261
831
842
172
731
405
949
85
900
513
151
655
428
243
584
103
921
941
634
385
706
607
300
207
470
444
639
793
840
373
88
78
578
628
998
354
752
180
260
585
38
999
24
19
508
791
405
337
985
506
869
799
918
768
428
474
732
735
177
779
601
785
838
36
862
963
467
435
861
497
445
325
474
689
69
605
23
125
694
157
620
573
79
156
566
364
162
808
911
626
251
62
511
930
157
448
290
108
2
46
586
502
730
520
215
910
566
763
499
692
300
210
394
950
494
559
530
339
631
858
168
132
397
81
372
440
341
473
197
943
475
996
0
938
609
643
501
440
378
557
706
540
40
473
876
197
395
753
307
238
930
456
54
791
343
221
991
779
494
368
80
405
182
732
718
844
547
957
500
734
27
692
27
12
0
945
25
786
717
353
400
899
661
529
49
282
864
505
256
476
919
108
898
340
930
807
668
398
280
519
5
232
847
744
855
358
236
116
802
710
286
920
161
299
390
493
97
806
625
598
600
657
657
230
3
45
489
484
322
839
512
873
575
359
599
232
661
353
774
31
485
871
276
118
951
943
726
22
535
705
714
804
766
52
788
525
979
337
209
364
233
239
682
354
859
217
859
245
461
605
677
228
124
159
680
554
209
237
245
114
162
612
731
370
42
451
824
810
35
174
563
526
496
38
735
554
503
895
627
118
583
626
744
571
159
676
682
173
455
351
723
489
171
71
4
112
797
248
549
924
610
270
607
619
984
204
120
626
549
393
950
524
900
689
976
643
724
976
282
398
450
356
511
428
216
75
140
327
942
129
250
501
0
783
820
235
415
842
18
210
733
232
534
543
595
200
645
821
117
57
135
222
337
619
394
698
347
366
404
415
397
688
417
890
269
323
268
837
288
118
584
969
717
610
969
662
165
864
294
505
330
673
483
580
732
878
893
396
844
137
180
184
467
812
344
541
106
249
133
66
176
801
241
128
95
945
664
9
880
521
901
118
513
255
452
817
868
396
566
570
609
29
972
312
694
221
528
390
895
601
720
433
665
956
148
631
619
867
451
354
862
540
712
108
284
683
291
381
520
573
941
363
12
897
868
194
473
3
432
860
178
866
453
859
954
549
434
749
735
226
977
406
7
655
480
948
418
357
832
663
8
409
516
640
349
580
611
324
969
6
562
704
965
518
876
439
483
78
267
242
357
549
780
216
753
204
925
902
852
821
794
928
196
432
825
56
74
832
531
70
664
518
388
698
655
244
884
374
309
405
247
895
253
115
282
773
622
585
271
185
985
603
555
79
261
538
606
292
109
156
378
281
117
355
887
337
881
180
495
40
263
692
14
284
189
654
724
944
678
32
246
646
377
215
537
965
458
991
97
51
765
504
185
373
665
397
771
445
897
911
379
452
721
1
943
240
327
573
770
999
63
376
777
316
284
849
821
769
52
815
42
830
51
44
176
705
418
660
488
335
426
3
257
266
139
158
611
388
754
32
435
618
163
280
601
788
355
681
839
620
921
939
691
845
902
160
390
510
642
225
990
111
577
241
272
547
750
122
402
607
23
871
553
354
745
242
654
678
701
567
679
286
187
585
723
639
950
148
61
196
537
2
196
668
464
89
922
767
866
685
900
570
308
682
378
935
818
357
608
857
130
884
244
174
818
346
393
13
219
360
931
42
685
736
67
855
54
996
53
38
573
703
425
436
20
969
287
496
469
17
871
757
75
382
327
332
556
879
622
22
198
756
937
504
216
540
995
384
547
624
403
342
577
632
568
695
724
988
240
510
866
750
658
299
199
103
608
985
227
902
138
515
302
816
367
911
802
52
412
686
768
319
58
378
53
760
891
784
150
676
85
928
185
148
82
427
558
765
583
229
967
41
868
363
876
236
628
999
889
818
486
985
540
175
226
176
26
207
456
241
721
183
21
807
451
635
832
644
673
770
172
567
918
447
246
695
654
393
714
143
775
677
584
994
543
970
237
176
830
693
832
90
325
646
138
75
695
467
793
175
455
804
111
912
74
871
438
199
838
645
39
896
300
532
884
753
458
694
306
764
115
770
787
378
475
650
106
371
798
269
592
804
280
933
559
816
971
131
117
50
324
802
68
449
614
193
992
789
356
325
464
425
537
55
128
410
378
225
254
207
182
191
124
338
685
740
493
470
919
946
459
448
398
118
689
99
879
227
789
655
469
518
400
58
830
530
632
817
706
621
494
201
49
290
484
841
901
489
777
474
848
564
840
386
814
603
909
853
870
106
658
462
261
913
154
196
812
13
812
184
756
69
393
446
679
151
577
402
552
428
627
69
693
65
908
880
716
943
786
592
372
830
185
43
821
830
422
322
75
614
682
191
55
480
105
377
662
724
971
669
494
253
683
671
935
897
46
434
710
44
334
68
16
767
992
21
468
109
947
482
521
815
762
237
755
752
900
831
136
795
274
9
976
108
864
567
900
572
143
646
798
25
618
976
442
885
904
581
915
966
898
972
368
694
310
747
9
228
171
595
549
211
597
583
941
121
283
686
927
970
823
303
211
454
590
117
138
680
785
627
569
673
27
889
608
165
781
472
823
700
198
19
123
187
254
342
494
868
636
131
965
499
678
283
574
115
90
234
369
321
699
622
998
878
974
809
311
667
438
885
208
712
844
935
164
773
827
263
970
141
203
879
208
704
572
954
206
776
542
944
478
966
214
287
2
981
499
643
863
311
746
481
25
720
863
280
287
80
869
810
561
948
224
82
695
959
104
709
587
653
489
270
49
912
401
365
238
367
714
480
191
971
673
317
140
932
125
630
653
52
972
6
691
746
450
531
242
937
612
964
125
642
900
109
819
824
301
625
361
330
82
583
768
422
922
704
40
4
623
736
965
769
391
363
945
205
827
890
746
447
934
926
461
391
23
533
763
124
459
626
651
152
492
553
377
736
703
443
445
272
933
991
7
71
960
722
834
215
881
1
878
359
111
828
90
228
530
21
169
142
456
417
85
327
112
934
114
49
958
430
700
592
287
194
571
470
941
875
566
878
261
341
390
611
758
622
509
466
445
925
406
500
775
606
102
801
838
909
619
402
136
512
612
733
500
18
66
238
639
710
278
980
734
801
347
274
389
355
68
631
911
6
849
656
471
56
766
732
310
302
613
593
885
98
918
677
46
543
675
15
790
833
497
287
958
138
588
947
322
563
121
700
425
432
490
201
31
655
374
498
895
346
591
327
661
387
280
162
979
256
359
42
170
647
983
553
403
59
497
368
614
39
644
98
139
242
562
487
752
317
613
690
779
681
594
836
351
300
292
834
244
285
692
853
290
574
656
441
966
370
74
568
521
903
75
463
789
653
680
769
594
207
867
347
728
50
508
489
117
316
706
559
137
167
492
121
632
830
597
367
127
55
328
715
571
226
784
421
231
753
164
601
325
56
449
959
703
142
999
180
853
940
968
719
73
846
423
583
714
352
582
195
486
972
810
505
796
409
299
275
440
573
486
902
680
846
597
765
711
285
275
711
960
932
992
76
590
369
691
37
489
172
313
236
531
150
921
2
963
107
842
80
514
17
359
888
132
585
482
685
186
677
390
176
574
843
545
141
110
729
818
653
180
273
192
21
333
495
68
870
809
769
567
574
435
94
574
144
658
538
197
855
142
465
410
505
30
482
396
410
874
790
868
661
517
968
778
291
853
855
507
69
574
562
785
940
236
292
236
316
200
761
536
627
716
895
711
224
242
448
704
58
546
591
679
895
962
824
559
775
172
414
502
159
2
983
273
346
909
434
223
653
974
333
450
802
396
624
515
695
552
598
325
479
373
44
477
250
949
898
952
113
487
299
934
69
341
784
966
176
493
521
498
235
934
358
819
162
94
251
56
109
41
811
508
512
725
702
189
758
180
342
68
929
585
278
922
21
38
972
728
262
686
961
562
743
998
198
220
172
538
945
645
258
61
760
731
749
88
61
896
979
327
27
716
832
905
760
202
840
815
116
351
652
534
33
1
919
360
2
156
49
575
353
371
998
468
140
636
695
839
720
149
73
336
81
558
108
238
793
751
951
126
271
556
610
438
425
638
109
946
949
291
919
942
460
401
785
317
368
791
836
170
688
116
336
117
730
28
262
497
600
392
73
164
286
526
80
686
234
681
719
653
237
754
431
495
193
447
675
938
956
923
645
697
148
741
824
320
915
182
15
946
278
493
61
624
32
70
527
685
428
579
759
416
322
296
378
906
585
533
20
625
903
456
506
387
157
513
729
863
839
538
70
505
330
735
69
708
638
226
557
197
918
395
603
605
685
437
71
39
612
996
540
947
234
278
556
26
411
767
307
635
795
242
42
909
669
341
383
814
791
660
531
868
489
433
157
626
598
786
733
573
353
715
19
207
996
902
377
356
13
80
414
27
266
206
533
783
78
847
53
847
900
36
26
931
796
845
692
856
124
414
342
77
65
114
378
911
262
535
3
402
243
410
739
401
594
428
126
408
286
334
262
751
933
872
297
274
440
328
80
943
280
857
321
239
411
930
295
369
895
849
680
844
254
192
800
155
307
142
85
878
125
193
794
670
881
922
583
368
892
889
489
967
409
276
774
331
696
210
588
94
248
141
642
249
838
471
719
890
798
739
657
409
834
128
729
484
993
98
342
807
801
313
223
815
648
294
325
281
327
314
671
102
233
170
800
771
194
841
910
710
643
76
772
107
61
387
515
576
76
238
709
605
151
463
346
345
853
463
510
369
193
379
490
145
481
392
49
912
931
900
927
223
513
400
341
194
632
531
664
835
659
880
803
291
173
515
362
379
439
263
81
994
750
388
123
479
488
887
967
601
65
635
384
5
801
655
493
248
936
663
520
117
830
719
962
121
132
421
999
14
78
567
774
909
933
565
716
95
168
968
649
350
947
499
963
135
459
945
802
963
616
432
796
318
932
380
737
631
539
214
425
314
467
246
541
522
478
519
12
955
294
106
335
22
409
566
479
966
461
71
61
924
110
332
266
998
333
182
592
549
11
469
569
382
326
29
246
57
371
329
819
57
365
470
249
371
388
684
276
50
274
528
510
530
106
637
771
524
962
373
511
882
35
74
493
756
166
642
506
161
161
227
544
369
667
851
599
267
228
11
601
443
920
204
373
375
93
931
288
233
467
361
926
831
580
694
790
10
524
439
151
532
115
382
429
829
512
809
41
167
680
21
464
705
680
220
555
329
807
572
87
966
55
251
181
948
413
840
957
921
655
236
694
56
599
880
313
412
469
992
679
719
601
961
8
363
857
551
478
457
783
770
810
528
423
842
909
369
16
569
16
537
144
239
400
670
157
52
868
61
898
49
66
851
558
928
210
450
779
173
712
407
270
509
391
2
594
326
884
118
506
711
129
641
599
890
675
966
206
767
63
457
950
19
40
914
224
792
108
270
800
455
807
947
155
851
368
435
313
360
403
106
645
412
751
755
883
21
985
423
570
747
768
16
498
639
282
846
447
971
343
95
62
460
533
964
967
870
644
378
116
759
907
830
833
663
937
669
349
158
401
571
248
255
384
658
973
571
297
469
946
729
155
397
197
412
873
468
873
253
186
352
98
500
354
674
877
697
577
840
212
991
50
896
345
331
911
574
832
641
731
728
849
105
848
224
630
232
27
49
450
697
260
685
539
789
386
374
994
361
926
68
105
903
206
399
908
96
718
390
554
137
218
151
461
915
559
287
576
535
642
492
682
977
801
369
353
996
625
786
272
511
768
817
523
975
356
40
858
981
235
536
876
737
605
689
190
591
790
107
973
561
48
861
424
413
737
435
401
880
609
653
974
851
23
590
683
910
508
595
986
194
960
109
557
587
419
112
619
574
343
404
850
782
860
643
709
870
668
885
574
666
161
73
772
326
675
93
592
412
46
727
29
24
755
13
919
758
710
842
973
151
616
634
961
599
70
448
440
290
954
989
317
273
480
724
675
495
540
68
51
577
642
454
362
302
550
119
999
947
901
120
884
850
379
292
82
803
958
698
466
395
91
220
337
245
56
479
403
463
34
460
580
662
880
142
3
404
872
805
399
617
704
842
855
47
927
308
549
651
717
242
970
753
408
322
360
127
520
26
315
109
638
485
258
386
328
584
373
787
848
413
975
88
511
23
566
199
692
648
185
326
985
512
81
171
527
543
370
854
24
404
876
393
198
326
958
398
3
155
2
450
904
792
143
144
930
801
106
2
169
249
374
404
923
60
798
841
209
562
145
754
632
79
494
819
627
441
39
504
367
817
130
169
63
62
269
498
17
894
899
766
688
551
221
693
603
325
66
427
279
636
250
155
160
561
215
436
670
484
654
979
637
952
868
336
717
7
820
789
812
143
616
813
408
729
390
626
82
100
165
978
159
221
743
546
105
787
730
139
669
152
210
716
710
530
201
352
554
754
978
818
35
812
730
542
857
697
336
634
862
529
550
13
803
973
472
806
177
45
133
832
802
341
908
77
464
405
57
160
630
96
488
848
390
213
656
898
627
101
236
773
433
644
854
436
833
124
541
279
305
742
393
500
75
986
971
117
693
250
3
321
297
97
117
535
798
81
987
135
142
630
593
796
425
597
44
160
403
570
613
238
401
872
653
902
330
689
881
52
475
696
711
866
275
325
121
999
625
970
651
823
659
404
632
382
296
892
569
408
264
14
72
114
58
313
698
646
774
392
907
26
268
657
799
211
885
548
550
289
689
318
519
306
32
815
904
139
341
920
445
716
767
361
631
804
314
602
719
116
142
936
579
344
47
699
520
12
973
574
241
844
556
454
103
7
182
990
450
604
912
658
631
164
330
787
258
594
731
91
781
9
308
737
449
542
236
743
541
774
524
178
525
568
708
290
788
894
166
562
334
775
272
738
727
145
968
668
640
470
11
252
891
565
439
875
628
778
707
597
859
544
355
641
56
294
607
393
902
15
798
132
411
279
135
376
742
362
529
651
330
111
612
212
394
334
839
469
949
446
547
189
725
682
344
211
442
13
703
149
876
427
568
570
25
433
500
676
556
832
461
890
599
358
437
916
578
182
108
145
572
329
830
262
953
557
205
408
620
413
123
596
87
33
722
948
618
791
975
93
456
578
740
503
744
210
606
732
370
284
446
725
608
140
308
753
303
152
784
720
14
110
443
895
15
513
878
380
811
760
688
972
907
472
782
347
852
899
686
76
107
592
886
306
265
53
947
415
640
227
691
906
607
649
990
790
547
860
19
712
559
213
751
9
476
698
228
550
268
50
463
556
228
139
290
720
240
639
932
349
772
87
205
927
640
501
542
912
747
376
888
225
836
948
421
20
676
449
388
207
128
213
472
596
886
500
123
766
253
927
663
854
146
882
366
15
608
67
554
15
320
680
135
775
106
695
704
173
891
764
103
920
55
407
625
507
336
796
913
518
47
343
756
273
851
7
582
138
568
674
234
969
74
161
471
650
394
878
57
291
144
459
582
23
234
269
891
954
243
225
557
550
159
6
276
837
846
467
860
0
64
346
239
999
528
293
440
178
980
311
689
784
867
199
863
357
872
673
612
489
910
765
13
639
381
732
733
899
268
280
506
576
663
267
671
217
307
859
650
118
167
45
182
178
901
887
820
730
434
650
653
16
586
240
75
833
528
266
393
931
429
309
960
44
493
550
851
319
210
652
845
272
284
981
178
890
494
43
155
222
407
160
558
791
87
712
366
916
672
743
430
525
976
427
956
82
172
770
315
888
678
310
65
406
450
792
459
919
998
196
174
880
536
92
88
493
476
631
877
639
446
763
774
625
269
584
599
643
873
127
48
398
23
788
718
561
274
239
795
923
939
953
244
258
892
261
985
851
618
916
666
563
506
855
800
294
5
814
289
110
494
822
784
903
500
43
509
744
155
850
169
908
24
234
564
642
36
179
674
249
88
104
620
144
227
474
331
486
592
389
794
677
491
142
173
348
469
885
740
701
286
775
12
467
59
736
472
825
784
519
564
423
335
506
459
182
314
236
409
503
773
964
947
734
344
911
613
261
235
897
84
446
347
864
974
848
28
466
831
567
511
880
510
765
983
514
503
373
494
221
57
2
237
667
946
947
788
42
650
593
206
511
510
196
577
124
918
187
20
280
105
899
82
326
815
483
527
529
904
757
216
902
979
526
311
10
57
946
119
910
883
114
733
400
352
439
936
28
924
900
603
42
894
591
920
546
537
672
103
565
646
501
255
214
95
741
196
978
606
331
354
355
287
710
273
83
476
399
482
207
520
130
912
161
790
377
706
227
643
781
256
881
313
118
876
486
309
661
36
706
59
280
301
610
360
694
690
624
417
804
988
989
450
302
28
892
825
266
376
913
853
914
474
578
553
552
903
509
205
191
310
34
943
863
327
66
509
426
791
168
238
581
257
94
906
265
670
268
24
234
425
613
567
759
812
74
614
19
647
3
351
819
979
186
81
730
289
579
662
153
952
866
837
467
879
707
833
680
199
399
313
760
605
29
937
123
39
792
344
935
213
848
763
689
570
395
971
191
66
701
891
781
30
950
709
630
238
171
317
870
615
407
917
830
157
796
259
704
794
772
120
523
960
853
674
761
556
972
100
599
563
609
20
28
985
196
718
510
439
294
967
506
93
28
429
394
417
167
349
780
358
527
220
208
809
289
530
186
48
6
92
809
476
710
89
735
416
229
24
283
682
277
840
147
682
236
735
909
672
400
471
520
187
720
222
382
167
52
997
165
567
432
171
879
756
573
818
166
868
144
619
628
350
15
438
938
605
625
861
567
307
142
569
980
608
255
68
245
467
271
417
786
736
962
625
135
147
924
680
633
220
422
95
194
924
565
715
911
958
795
125
64
889
737
107
31
358
117
0
197
701
233
888
25
660
84
806
642
882
958
57
871
297
318
644
133
371
445
141
450
247
424
681
599
851
690
694
971
580
65
624
373
580
154
416
210
243
671
202
200
985
24
86
666
563
864
290
101
220
569
566
826
614
506
48
574
577
200
456
142
59
707
382
414
144
179
531
20
636
66
598
345
271
404
352
992
121
940
354
722
950
80
357
433
147
40
577
427
778
627
435
81
218
660
9
233
155
379
672
24
792
230
608
116
581
305
885
410
483
971
522
123
906
747
329
477
503
643
918
31
654
564
653
908
658
386
377
171
698
522
495
678
142
129
985
59
475
399
935
832
802
156
851
706
384
801
516
359
50
706
854
66
431
458
120
327
82
128
190
847
352
769
175
486
223
581
778
684
840
982
501
57
638
543
926
301
239
866
397
294
795
397
465
179
890
757
754
465
371
435
216
148
947
278
266
376
746
178
97
776
588
815
958
239
422
957
929
781
584
567
668
620
618
733
967
988
538
766
229
803
581
941
55
161
411
300
839
396
528
54
960
551
352
354
972
184
531
533
414
986
322
382
241
560
577
40
104
379
437
788
896
405
103
517
907
479
857
80
878
945
329
427
909
32
860
677
886
517
445
951
227
259
846
490
476
457
829
656
220
977
907
519
323
223
274
420
572
198
725
28
655
8
548
825
90
213
791
98
260
750
819
972
586
450
875
296
717
240
17
997
796
374
829
584
830
97
69
144
146
382
710
479
819
225
457
318
246
820
922
856
102
514
949
131
770
605
850
834
221
493
347
22
70
201
802
69
649
219
337
35
94
599
68
929
768
124
506
988
953
86
980
816
404
331
772
44
891
45
770
831
530
383
203
539
187
292
220
689
996
132
637
981
478
688
9
571
119
48
12
298
851
211
22
73
606
535
400
871
429
362
892
943
333
736
146
596
820
981
32
617
535
269
98
644
891
922
66
60
937
999
242
489
948
435
591
419
596
119
48
85
928
579
496
755
71
190
840
858
775
341
913
727
914
414
559
770
62
381
802
908
500
791
562
808
548
429
792
502
246
427
877
165
764
226
885
546
862
42
124
228
158
716
324
282
461
471
965
183
549
345
263
628
306
433
516
119
859
906
449
971
644
691
918
976
145
869
388
756
44
940
479
226
207
418
292
242
721
464
436
945
978
830
57
123
297
749
521
830
81
779
713
865
559
726
844
389
879
277
124
754
703
420
792
381
924
494
791
264
220
304
499
738
572
355
281
225
635
682
401
358
86
765
225
152
973
6
271
820
606
722
702
603
73
601
824
68
212
730
125
395
703
720
787
18
387
714
591
231
926
66
155
502
42
251
184
33
624
817
150
765
798
212
289
63
904
725
278
671
270
716
623
915
827
632
875
783
78
665
130
60
532
315
887
766
949
660
511
563
158
872
377
33
296
490
542
519
630
454
195
422
436
173
101
729
998
240
212
883
599
937
603
864
492
502
647
575
408
151
685
30
209
467
489
439
698
573
677
586
898
733
327
330
805
932
934
972
842
936
654
405
37
529
201
956
294
51
817
56
81
621
211
115
623
17
662
647
509
446
397
272
572
698
297
946
609
723
987
404
662
928
696
54
776
179
677
807
178
506
261
186
2
702
849
961
930
60
943
634
66
826
199
281
964
300
602
439
680
80
915
250
977
79
10
77
800
125
271
353
296
994
180
19
265
298
150
872
409
250
861
383
0
708
370
782
370
381
913
448
146
509
935
429
61
70
373
962
461
808
782
690
320
301
181
853
568
745
923
849
788
364
744
726
310
283
919
798
766
667
79
997
735
480
446
253
97
773
737
349
639
476
730
611
298
97
817
367
670
186
767
283
474
762
631
272
62
782
181
354
880
471
283
582
776
737
713
962
253
108
461
119
351
809
964
299
102
335
208
714
930
966
771
798
629
995
202
708
687
638
981
96
120
225
654
84
659
530
720
797
145
650
546
231
907
759
820
403
444
695
185
661
78
701
118
410
860
665
778
498
681
555
702
906
343
249
191
390
377
306
10
317
373
329
95
421
988
13
193
497
93
136
221
520
601
975
177
64
991
490
551
186
603
205
217
56
155
214
71
468
523
784
848
851
217
423
693
274
571
996
468
319
727
275
427
380
891
108
643
935
527
615
656
861
151
532
422
745
613
145
110
295
215
189
825
886
709
637
28
149
534
636
52
69
11
81
788
407
404
460
469
288
954
232
102
922
316
679
772
637
454
490
995
462
247
945
22
302
793
723
659
718
519
597
914
569
290
408
232
316
660
822
399
921
745
957
72
314
458
832
444
556
164
745
591
569
401
748
78
443
398
88
91
198
300
47
742
645
426
465
558
128
547
259
432
724
284
989
87
292
2
373
941
719
913
62
401
297
903
29
354
814
666
494
467
884
487
121
783
745
661
811
974
413
785
571
593
817
476
650
147
656
434
958
256
108
852
713
338
637
968
725
537
150
726
587
803
80
983
461
78
11
522
432
329
818
159
830
929
478
599
146
587
518
379
981
172
798
580
321
185
357
947
509
573
275
851
368
293
475
60
209
386
517
449
358
879
767
51
539
281
917
759
502
919
303
525
569
962
90
147
631
903
306
258
251
891
782
600
957
767
228
589
246
260
798
633
510
751
997
678
12
208
806
898
702
296
978
625
585
226
450
352
739
92
106
684
399
485
886
676
594
465
347
508
419
811
247
948
464
18
555
857
991
367
439
786
241
278
823
565
398
51
805
675
397
759
464
537
299
139
267
769
102
500
384
584
850
640
23
713
380
624
801
234
261
902
346
798
809
64
663
763
112
550
708
812
709
785
625
801
869
356
998
318
730
392
204
417
625
370
374
0
769
152
872
755
574
212
447
365
908
263
633
1
567
626
406
907
362
457
919
452
998
201
614
674
310
836
214
744
874
650
316
329
32
362
215
267
417
489
588
297
467
355
949
665
874
672
379
88
701
240
681
371
7
994
579
175
562
632
135
59
155
920
490
668
458
119
126
913
784
719
83
921
230
763
68
434
115
407
731
931
422
701
328
732
557
846
749
836
22
526
997
995
300
643
463
433
149
999
910
903
169
371
171
13
596
247
61
355
336
40
495
996
109
353
586
80
979
125
213
657
650
132
611
248
647
4
36
793
633
145
182
580
37
712
717
29
783
280
776
542
626
35
166
756
930
812
729
23
871
992
218
622
757
706
862
651
730
282
863
594
256
182
870
352
124
28
583
177
661
206
141
242
41
183
633
201
940
869
341
2
339
95
405
395
8
913
952
26
895
478
835
901
248
837
446
691
365
631
260
113
991
240
93
695
140
228
14
468
781
724
548
823
685
409
645
88
187
592
856
871
148
919
765
763
730
479
463
205
970
90
697
941
349
311
415
581
221
11
55
982
283
682
792
824
486
631
202
566
734
688
630
976
305
886
863
906
174
419
16
30
881
765
776
982
199
914
436
572
546
92
964
309
327
759
825
243
821
248
572
139
137
553
875
967
384
754
800
508
636
306
746
438
547
807
536
770
892
258
27
12
652
590
107
771
912
306
941
618
508
309
108
800
539
482
502
834
904
621
944
264
596
732
836
765
152
89
713
58
366
191
604
774
811
114
550
367
696
620
982
316
561
814
161
526
741
108
431
867
656
604
519
549
117
160
318
411
80
42
972
47
443
664
431
328
31
832
284
848
453
869
99
305
805
858
707
275
823
238
734
721
633
921
518
421
385
999
232
145
523
891
136
919
300
341
549
979
591
399
462
648
8
860
525
152
264
257
955
689
57
89
188
116
331
204
789
687
934
992
931
333
640
579
493
772
1
223
773
400
205
31
931
646
377
113
35
723
698
621
736
854
531
517
952
372
750
180
178
603
725
828
382
872
560
611
724
989
961
22
303
789
623
433
235
474
160
949
413
249
907
347
346
612
989
17
427
873
393
834
391
873
765
834
257
795
915
747
972
329
718
17
44
252
102
869
311
444
77
936
59
794
122
326
10
250
294
493
92
139
198
942
363
185
720
211
613
196
377
306
541
306
926
737
51
419
561
90
789
852
967
441
918
254
848
236
879
735
127
490
275
218
907
999
959
443
372
103
281
541
282
328
432
183
362
278
620
524
266
641
0
674
792
81
941
358
93
781
265
789
824
960
776
526
233
61
433
463
90
989
637
53
5
183
35
600
154
911
360
165
911
321
429
870
630
39
697
664
601
458
944
811
841
494
12
311
623
977
508
581
666
62
138
396
659
188
977
717
549
316
726
8
930
259
262
616
913
444
761
333
316
251
853
185
985
861
942
654
31
83
61
813
940
385
15
225
92
530
271
142
685
46
414
780
25
767
842
769
195
296
789
357
757
167
855
743
186
932
302
465
375
506
438
623
408
895
580
334
656
575
863
931
48
597
737
577
636
20
441
935
915
538
749
793
342
542
743
533
258
988
677
489
617
631
606
228
453
239
689
346
671
787
160
356
15
568
13
559
941
146
796
403
96
682
386
831
61
666
236
820
602
253
658
71
915
634
997
754
44
402
511
717
960
119
730
441
778
968
645
254
83
602
34
678
419
722
523
193
107
384
750
314
506
286
686
153
166
482
740
851
501
543
989
735
621
779
302
586
185
212
574
486
13
332
747
246
916
751
760
965
639
339
397
944
377
592
743
977
305
95
354
77
800
463
916
520
180
302
67
248
203
125
826
679
348
303
152
277
203
276
778
69
627
889
146
86
209
546
591
382
470
258
55
210
37
138
858
25
206
944
378
257
154
402
432
857
512
276
464
154
551
439
567
256
237
722
964
869
416
932
69
575
531
707
756
9
123
647
466
568
2
523
513
967
244
149
272
877
360
35
523
244
354
560
898
878
374
247
979
99
463
944
562
294
169
737
528
681
395
15
625
766
842
341
450
408
266
643
3
657
558
619
634
365
586
832
616
350
446
200
248
34
774
412
533
410
960
901
371
884
773
369
377
603
268
262
557
830
900
270
592
486
200
92
260
780
880
854
347
690
365
572
754
912
285
808
222
859
56
542
213
257
65
14
233
360
793
639
200
231
713
358
87
717
655
79
561
969
220
868
562
745
779
844
641
423
355
13
413
177
808
29
679
656
663
893
553
451
201
151
837
989
323
570
545
300
795
924
857
396
173
287
742
195
303
823
286
238
233
547
507
964
306
217
320
849
615
359
10
590
708
432
691
535
304
283
869
485
460
530
397
205
733
633
446
320
826
38
456
477
983
337
375
188
908
291
849
892
552
636
515
856
106
439
843
677
513
513
739
423
226
290
660
524
706
602
546
465
972
344
79
939
557
951
506
345
943
387
673
217
763
891
132
624
850
622
604
742
998
610
916
793
940
923
983
929
325
298
690
572
333
318
547
946
563
135
931
836
11
736
896
544
120
164
629
408
206
989
446
508
622
409
167
645
187
638
165
212
870
696
375
418
541
96
949
729
889
734
458
355
143
827
246
738
615
368
927
247
868
804
538
430
139
76
644
858
751
899
934
381
44
180
336
379
195
69
996
736
614
775
975
431
181
867
452
181
359
359
418
317
340
585
670
484
651
492
204
376
224
497
482
125
137
311
925
896
96
190
865
168
939
688
915
961
931
393
97
170
122
865
108
858
792
647
636
791
151
104
853
743
398
944
858
650
91
753
39
239
853
362
427
903
112
9
789
671
170
732
533
754
718
20
15
710
199
556
388
221
983
841
842
103
800
546
341
310
667
345
349
818
39
818
946
502
805
219
117
819
714
397
201
659
388
371
234
9
504
208
501
95
379
198
496
664
999
396
139
207
513
568
839
799
969
813
150
813
42
438
268
563
578
764
540
599
956
332
174
27
388
453
319
949
154
152
457
234
996
81
853
663
165
541
342
256
922
92
160
61
734
657
153
129
284
696
382
964
365
727
249
332
35
928
810
304
14
14
140
453
60
742
82
444
510
561
161
556
985
727
791
988
610
813
460
572
854
81
488
900
217
790
261
628
597
604
871
822
781
41
273
793
970
782
514
0
790
795
752
667
447
741
323
555
822
177
957
547
49
833
313
462
158
158
250
148
265
630
861
457
632
593
665
327
469
855
605
298
131
820
44
388
564
486
429
867
106
734
725
240
133
117
9
226
29
346
566
490
433
25
532
71
631
437
667
421
572
177
436
986
782
852
579
585
632
339
940
315
318
340
388
506
570
664
120
679
486
39
644
87
227
755
869
514
193
286
175
349
496
453
783
160
575
282
912
25
915
164
920
202
434
722
112
729
863
456
887
295
73
32
457
204
584
580
943
313
856
955
398
141
961
947
348
132
997
606
672
236
180
616
826
818
317
552
147
661
718
733
478
993
685
59
526
936
336
589
362
747
274
669
87
735
727
410
765
734
122
498
37
882
164
376
577
898
648
375
284
350
645
528
755
677
340
496
452
978
122
54
590
546
456
291
306
593
985
387
593
406
676
803
494
924
875
148
485
162
299
375
91
981
821
897
744
164
708
592
611
628
88
574
324
117
298
94
200
549
969
213
856
876
740
708
75
688
289
659
558
242
422
679
985
32
462
687
628
556
510
539
921
941
40
542
116
388
815
526
920
34
341
177
435
320
978
339
661
335
654
661
733
290
128
752
157
584
751
466
591
334
658
632
920
412
363
301
284
431
377
370
698
776
806
199
977
594
478
696
603
89
417
931
873
370
811
1
880
317
146
364
906
266
111
576
151
299
409
292
6
838
702
123
79
871
804
614
987
539
375
956
638
775
67
269
307
298
517
475
968
208
69
298
612
265
255
482
703
225
730
675
689
113
935
384
150
247
278
854
431
209
998
167
508
815
292
730
217
570
951
862
247
367
449
911
605
993
288
871
743
646
917
937
133
512
268
162
543
128
374
841
207
110
492
552
39
467
52
163
790
898
865
489
693
972
182
169
14
332
835
903
751
850
299
286
603
972
549
640
202
642
506
52
139
960
654
440
599
281
275
439
599
978
898
92
984
262
203
528
358
840
568
377
215
957
172
723
522
411
513
875
920
445
827
690
977
465
335
102
98
179
393
687
150
955
116
585
186
844
882
469
621
295
350
733
8
688
104
40
243
198
946
562
960
561
225
280
403
471
342
219
530
448
341
595
410
651
93
213
370
160
625
264
180
223
863
356
473
593
863
284
276
150
822
574
202
78
860
73
25
116
762
38
662
904
24
338
507
644
134
171
921
713
809
208
642
66
673
966
571
521
25
760
135
833
934
423
71
453
91
875
377
215
644
56
343
963
618
117
962
956
823
57
534
607
82
854
239
479
701
226
500
993
597
100
420
497
962
492
766
204
552
518
461
264
548
337
964
408
499
923
294
829
400
343
985
546
292
777
900
870
755
673
846
287
860
655
729
837
705
342
336
916
609
91
900
279
226
656
461
89
82
772
415
949
224
910
291
530
791
346
16
327
227
19
201
285
62
569
56
532
317
940
603
542
599
706
15
188
782
126
82
685
753
938
398
222
776
510
314
463
434
953
371
618
932
846
699
465
491
11
88
480
836
359
705
633
897
266
357
903
671
570
156
941
630
715
777
767
889
838
233
241
350
477
677
799
735
917
326
677
867
173
442
24
655
382
89
36
313
700
566
552
470
685
18
503
570
959
251
152
512
230
533
200
331
358
111
70
925
94
306
527
181
270
661
724
286
130
748
201
461
424
50
943
643
38
853
780
469
247
209
697
952
128
944
668
977
293
240
383
372
954
245
761
930
543
217
356
129
667
217
407
391
644
842
404
6
374
620
84
655
715
973
98
936
913
577
109
855
770
329
602
68
640
993
954
578
255
742
376
399
928
112
69
189
131
669
639
727
844
359
488
727
754
22
875
239
612
784
588
271
764
568
880
895
777
245
282
861
695
869
992
969
258
826
597
143
603
955
641
861
706
118
966
22
780
533
156
294
655
534
463
799
580
615
743
83
324
706
449
483
407
549
860
599
640
366
70
815
877
517
80
586
693
562
559
380
771
840
821
885
810
802
696
216
473
214
240
753
186
695
63
115
726
271
84
97
467
212
96
267
256
634
845
428
575
362
372
377
652
514
502
684
94
876
845
338
28
411
100
73
138
772
28
239
12
378
984
463
538
692
651
765
300
746
505
36
136
270
876
325
450
976
976
947
323
125
536
413
853
808
34
171
597
345
80
533
882
446
865
513
526
447
544
75
363
990
147
945
495
583
838
271
907
884
1
585
792
460
760
496
43
541
201
991
923
367
91
414
512
675
941
950
278
892
413
238
355
429
770
277
645
907
932
769
327
53
90
863
902
801
36
76
255
368
979
596
811
101
693
570
565
498
950
831
515
292
731
29
140
519
360
38
58
629
589
873
271
995
132
630
692
453
790
449
864
979
191
940
902
587
423
888
498
738
538
868
133
917
570
658
911
949
348
589
541
746
377
840
323
383
301
155
147
726
741
575
111
525
644
789
707
946
111
297
23
683
339
357
899
121
299
675
115
566
382
946
310
732
159
966
322
584
455
529
354
479
209
454
651
551
828
104
915
609
959
926
874
782
431
713
990
800
420
761
458
146
93
173
990
442
937
282
437
126
665
495
810
645
578
590
237
64
214
660
853
784
461
173
350
642
648
706
757
928
503
708
201
393
27
294
613
741
6
22
787
465
450
148
187
474
600
454
644
464
490
123
722
528
715
174
465
103
965
758
889
491
946
436
98
172
247
612
850
572
263
456
589
522
316
937
260
757
859
23
137
615
24
739
898
136
415
35
564
861
878
646
785
321
983
209
693
578
962
89
246
887
434
57
778
377
214
198
750
63
235
473
4
774
168
413
396
520
91
898
478
381
562
730
718
24
213
186
554
100
898
803
520
22
848
337
315
36
544
387
480
38
744
556
92
196
259
169
640
601
102
109
296
982
411
794
600
290
531
104
272
385
464
186
569
786
897
775
720
669
690
79
219
412
699
688
738
226
543
615
928
914
640
514
433
449
264
205
750
350
435
131
463
313
52
560
857
834
574
821
768
907
484
668
606
689
778
556
69
438
253
479
729
467
496
466
794
493
713
452
129
981
20
475
232
156
967
364
95
134
701
193
260
311
742
968
922
147
726
353
470
106
605
144
158
653
528
284
306
986
31
375
872
270
446
544
779
883
31
853
795
431
703
116
483
63
192
916
855
684
656
7
884
126
728
579
733
102
423
562
922
264
936
470
988
617
241
249
255
389
749
708
951
316
301
782
822
117
314
264
268
204
207
414
744
393
732
640
78
65
5
858
386
824
133
585
124
198
461
775
373
730
842
961
656
621
350
119
612
49
37
187
361
457
922
742
273
658
715
767
530
27
395
237
697
321
310
152
873
806
298
274
868
427
477
996
417
27
1
558
518
594
735
447
816
437
107
126
185
908
452
288
761
94
775
731
112
875
300
258
162
472
545
866
733
159
573
316
375
293
8
37
924
488
305
154
110
520
737
976
285
284
934
650
922
377
466
180
214
767
453
344
864
309
752
711
751
534
196
83
853
651
490
458
309
323
252
845
974
552
547
434
567
860
371
190
966
68
84
87
308
204
803
738
491
739
144
936
731
89
697
503
41
486
327
998
105
692
902
104
238
767
411
845
119
404
954
61
324
136
614
998
257
858
364
352
426
500
242
407
969
286
339
209
771
420
70
801
537
42
193
707
838
636
264
592
516
74
787
300
533
164
870
423
414
26
834
217
998
336
628
722
320
56
604
185
820
392
569
746
389
53
348
477
191
480
874
29
127
32
726
606
768
976
966
379
923
235
660
23
406
605
256
522
664
948
187
766
68
647
967
987
700
565
270
895
817
162
377
778
808
525
75
490
918
477
148
386
719
637
969
272
491
677
676
879
371
748
0
178
802
515
81
642
231
347
313
794
875
322
437
664
742
802
586
583
438
882
962
931
227
385
107
893
500
0
970
136
134
631
403
763
487
99
485
336
838
631
812
891
701
448
854
783
833
269
227
942
498
951
86
8
662
486
865
862
90
564
120
143
372
702
741
682
691
815
892
429
632
503
319
493
505
37
493
199
546
496
950
671
367
989
730
343
33
180
787
347
789
675
640
714
59
295
36
287
156
856
310
784
213
821
298
791
436
200
816
16
601
515
155
762
727
147
469
169
835
867
97
563
68
948
409
402
195
372
297
745
269
797
116
467
510
296
501
96
217
57
120
1
741
749
923
94
434
817
711
454
357
644
235
383
504
8
907
799
501
821
748
346
588
919
748
116
171
873
56
73
814
41
766
499
503
86
852
669
983
7
696
670
142
998
857
799
848
862
910
928
793
760
294
32
778
884
247
500
635
886
379
42
763
895
480
286
911
342
455
69
975
502
264
488
295
882
299
923
957
990
794
87
606
703
821
332
910
366
254
499
135
369
567
371
777
907
56
410
548
958
461
999
722
629
319
622
176
174
418
683
166
488
303
74
805
322
203
894
0
117
936
657
927
50
394
852
976
446
884
655
254
141
348
819
871
29
365
750
632
149
748
199
380
997
709
658
437
519
454
718
402
431
132
21
985
48
157
396
119
655
422
540
894
955
742
472
782
421
738
57
840
76
506
638
446
164
652
111
183
592
112
227
642
918
444
145
152
947
297
732
375
990
493
323
356
929
554
24
689
69
374
462
463
85
661
361
853
486
141
441
674
533
160
895
424
729
839
315
450
491
772
245
783
220
985
530
551
518
839
425
925
245
506
391
726
535
395
8
961
537
710
159
567
260
30
616
789
329
117
92
464
353
992
204
560
424
617
658
648
338
407
980
308
838
732
466
572
178
574
411
73
135
264
746
78
855
369
871
489
493
678
467
337
668
43
932
561
458
711
938
142
469
513
345
990
279
254
352
738
230
277
985
366
176
772
723
678
93
811
492
379
773
985
242
166
196
767
172
283
26
418
108
482
152
861
296
299
8
566
449
288
68
335
268
887
634
568
808
95
215
131
734
723
801
337
647
374
161
915
787
398
841
490
406
443
554
139
32
434
82
766
893
237
228
726
146
397
263
54
457
619
548
161
903
963
754
395
956
642
484
990
458
913
694
976
41
58
4
483
803
539
564
316
20
393
476
945
164
759
127
229
400
23
956
109
493
640
887
656
407
673
477
714
57
317
922
290
725
847
61
477
743
631
366
978
741
358
974
400
682
246
600
388
331
878
159
936
49
245
233
144
745
196
146
486
736
433
939
681
674
425
909
457
109
366
409
111
633
753
809
19
252
770
604
733
219
774
342
584
539
136
134
787
681
195
429
922
70
30
940
997
72
129
964
672
45
39
459
675
545
693
534
642
937
650
370
991
768
327
848
142
747
313
481
578
433
445
189
622
525
211
194
615
374
318
267
120
510
891
295
157
594
616
324
325
530
615
675
258
114
410
717
218
344
953
471
339
487
514
986
866
611
561
983
813
469
913
321
482
658
33
538
487
103
682
819
340
103
32
374
926
737
919
918
869
891
336
154
960
300
460
541
687
497
0
202
937
590
553
326
423
919
450
358
816
895
844
355
943
152
910
867
291
12
77
578
829
301
453
49
463
296
128
269
27
239
623
755
393
94
207
875
53
918
302
698
200
297
614
429
838
757
664
562
177
125
61
521
588
835
401
292
170
171
625
747
583
708
398
627
191
920
331
255
702
863
924
351
296
606
455
696
410
886
583
252
8
458
838
268
80
648
683
563
999
124
613
477
731
202
239
344
937
971
172
682
376
313
988
115
518
390
696
44
561
90
666
968
40
436
937
498
923
243
212
319
472
324
476
430
832
831
159
749
305
118
234
301
373
486
111
408
187
185
80
218
341
346
250
591
897
682
605
51
484
11
3
632
636
444
927
731
692
364
353
455
334
738
815
183
364
180
781
886
919
30
216
961
548
446
847
543
500
326
187
232
346
697
553
44
211
354
166
901
337
153
650
696
592
247
464
864
773
316
429
284
467
703
199
641
200
70
608
27
367
230
443
272
239
397
694
717
445
502
184
461
5
206
525
943
551
725
760
736
8
702
56
418
109
482
150
627
759
17
326
320
620
763
764
795
946
95
897
354
418
2
230
555
386
346
856
517
211
59
837
960
620
266
909
880
495
384
445
374
139
441
968
16
441
797
263
657
395
895
347
436
346
772
343
789
383
822
931
513
708
570
551
783
683
519
37
575
103
161
19
106
235
612
143
249
616
172
75
339
730
20
563
290
973
398
588
933
116
699
912
107
242
387
319
222
717
862
968
950
479
68
64
672
391
459
330
702
991
463
361
320
79
47
242
20
411
270
748
682
152
694
364
251
309
68
813
916
688
816
565
533
302
99
798
847
166
958
954
132
552
752
72
937
786
672
487
42
372
748
240
429
813
882
34
978
309
213
728
433
13
251
637
628
779
212
690
871
338
509
775
77
578
389
649
757
108
943
275
317
96
698
128
725
562
454
767
863
707
624
552
805
628
927
631
852
256
640
775
912
362
863
496
385
181
695
859
508
587
564
989
884
496
951
107
586
615
953
590
794
261
139
31
225
845
726
100
900
372
119
571
763
446
893
230
750
305
190
191
78
912
590
422
559
474
610
58
652
405
44
933
204
636
32
930
812
265
342
307
245
367
352
390
215
247
287
960
342
29
202
925
588
756
431
6
239
840
980
956
796
578
47
100
836
257
381
44
614
398
665
389
438
81
781
569
453
867
693
311
712
963
26
132
781
773
613
348
595
696
405
266
49
695
866
36
978
450
698
955
376
742
397
353
39
418
116
700
355
395
807
850
421
83
927
141
97
533
553
393
379
284
196
475
372
68
757
397
231
841
537
735
1
7
130
152
224
882
38
934
963
831
213
482
339
195
209
303
441
586
18
28
888
370
171
96
651
226
863
406
506
653
417
249
89
587
810
842
178
577
963
911
13
464
614
54
652
172
144
995
108
238
130
550
729
324
112
665
704
143
217
0
259
941
593
153
401
625
499
190
164
904
811
297
399
724
835
55
624
254
204
848
322
936
663
127
822
649
308
509
43
244
668
450
259
595
826
358
392
176
151
533
223
861
6
314
483
29
52
845
758
746
436
823
4
111
979
333
96
377
551
212
570
938
485
509
585
102
380
33
446
50
68
150
241
817
707
674
17
777
561
495
942
550
322
832
768
949
556
619
93
140
137
615
423
312
759
728
93
782
487
137
876
502
675
498
884
205
811
114
215
282
545
646
536
403
612
114
625
777
994
911
136
402
794
350
130
973
233
908
719
19
882
423
921
4
979
600
360
519
182
161
687
607
542
649
517
106
259
166
44
443
551
170
86
995
825
609
681
675
234
185
712
797
807
131
749
708
182
961
955
625
492
601
273
263
438
961
404
825
23
739
123
707
529
603
121
47
199
534
926
921
747
334
327
468
700
292
456
286
530
189
271
449
77
7
435
212
778
213
493
794
327
146
725
81
658
523
496
54
924
600
248
895
572
844
437
912
810
962
67
322
160
299
916
289
312
981
103
165
922
446
160
612
172
186
803
757
16
881
243
576
976
765
120
301
933
770
921
378
816
222
301
384
96
947
112
736
78
379
364
978
654
804
94
407
223
684
307
144
267
806
707
5
603
549
245
219
637
649
739
712
672
408
806
488
946
967
325
982
455
312
3
27
341
606
759
442
182
791
583
632
733
298
775
334
20
961
719
249
614
352
395
827
65
647
391
99
974
60
634
819
795
221
730
136
704
349
697
815
258
612
671
62
853
764
416
153
949
801
870
439
678
160
474
700
418
92
791
431
259
573
128
102
418
34
188
809
119
864
230
685
90
43
770
723
650
788
140
352
308
892
651
53
462
529
799
209
428
150
207
614
306
792
742
57
915
702
174
302
546
696
293
812
128
307
544
885
37
59
5
953
594
83
477
803
254
554
578
996
223
790
229
294
435
109
652
204
848
201
954
320
833
724
295
788
250
581
281
734
46
441
379
510
966
478
693
385
229
203
260
835
506
468
147
33
390
557
418
661
47
533
183
245
948
541
258
37
145
832
270
508
829
669
940
709
626
971
801
408
149
622
140
568
879
895
177
373
963
880
841
917
777
255
981
214
210
842
216
816
933
357
653
289
889
192
914
304
972
485
3
230
892
360
58
634
748
880
229
540
601
925
568
756
109
882
629
812
60
500
817
747
774
635
345
980
84
258
68
878
445
194
427
429
691
308
398
537
26
182
377
277
641
412
24
562
85
251
102
837
58
491
948
983
259
475
343
860
460
594
19
847
685
67
359
27
434
599
89
148
289
354
620
471
4
775
943
552
479
461
536
771
884
502
113
581
557
477
881
731
578
568
622
995
372
95
321
498
129
172
907
637
457
507
887
764
727
780
375
772
805
630
996
77
337
326
56
123
500
192
118
304
958
885
117
170
618
527
689
528
831
673
634
307
345
242
801
243
973
907
680
640
845
902
241
970
571
162
370
331
192
37
607
43
167
961
216
284
574
402
69
559
789
622
904
990
579
414
914
980
21
973
992
98
583
446
727
44
856
851
190
451
9
379
899
92
431
851
248
385
361
17
999
406
836
717
356
654
749
208
938
959
38
737
529
228
277
222
535
410
353
408
964
869
759
379
402
347
92
716
548
49
603
691
174
941
689
987
710
332
952
296
282
684
545
832
50
941
917
909
743
628
342
490
685
32
57
220
756
848
847
195
69
988
428
537
219
180
655
178
999
886
484
373
281
572
878
298
628
444
1
284
290
706
151
857
655
219
952
647
994
155
744
729
769
978
396
691
453
123
157
674
798
13
448
392
968
253
333
582
878
83
991
74
341
404
835
980
957
80
764
124
843
277
486
470
386
628
410
776
356
754
42
731
996
778
150
400
997
880
253
5
496
497
856
336
226
626
731
204
284
790
317
906
728
668
595
977
808
144
504
976
872
201
207
244
255
539
396
630
258
982
640
830
187
694
299
614
968
796
63
744
574
429
403
41
231
2
781
914
626
800
52
501
338
880
204
821
89
25
731
873
567
837
76
658
501
746
530
243
751
786
943
529
610
837
317
66
866
165
37
355
48
466
95
45
553
887
169
639
554
261
435
482
898
710
34
801
537
557
491
351
456
380
835
54
953
526
92
845
73
494
547
313
290
616
480
864
710
999
894
818
712
406
59
528
925
778
106
674
932
631
631
787
354
651
91
296
241
768
265
193
754
310
79
375
952
784
489
471
695
742
290
885
245
683
357
109
712
736
4
101
872
72
598
959
718
581
878
566
661
971
337
23
439
612
985
603
339
108
672
401
94
861
86
241
376
382
119
646
553
655
23
315
388
281
848
298
674
372
789
353
938
840
855
199
119
151
808
165
371
787
86
983
651
13
667
693
338
390
570
285
138
665
116
188
520
24
268
261
584
206
232
785
114
445
26
912
715
593
141
638
278
389
755
33
36
372
766
690
210
963
742
962
851
37
587
999
389
134
20
328
200
949
807
397
540
691
401
378
74
353
0
237
302
546
207
158
387
28
778
855
384
885
867
636
770
27
860
437
426
580
998
466
968
679
625
366
880
547
661
534
740
527
217
588
530
722
706
759
464
820
142
917
261
844
680
292
601
875
711
294
839
88
603
203
802
230
528
507
575
347
830
644
882
195
511
720
595
213
19
723
489
499
489
548
855
288
655
938
47
965
803
305
149
524
203
92
469
577
634
813
144
493
132
459
666
653
492
540
903
451
651
499
384
339
500
523
425
569
766
605
437
969
922
78
723
814
437
941
738
216
720
915
651
216
758
292
119
877
350
357
945
164
842
791
460
523
279
563
840
335
726
813
561
239
434
398
169
256
915
349
0
322
682
318
705
579
174
942
30
827
166
662
286
376
568
558
726
987
514
259
982
66
983
947
373
807
364
921
176
441
979
173
879
289
536
934
760
784
578
770
49
911
372
45
504
783
77
552
117
811
12
844
810
610
720
807
521
457
88
710
279
329
246
292
392
956
881
618
515
558
907
856
287
522
56
42
486
610
584
550
497
131
471
725
828
648
163
288
44
422
333
470
486
944
300
147
249
683
206
795
511
229
369
839
16
730
353
62
968
679
42
352
426
459
169
951
853
154
966
775
982
916
717
312
421
142
997
130
324
207
887
368
838
725
139
151
205
592
592
385
927
648
676
781
625
59
275
442
476
474
290
212
999
300
974
757
253
147
392
728
953
14
652
578
895
806
595
945
517
381
150
2
186
3
675
918
509
411
845
61
905
782
335
262
688
223
193
196
693
479
46
149
631
577
813
840
395
296
687
701
240
279
824
242
881
602
970
402
887
676
750
8
357
88
965
917
336
243
814
198
998
26
792
162
246
48
874
979
57
155
568
386
895
760
769
376
925
363
760
362
565
764
288
964
591
999
619
890
927
906
700
971
271
740
427
791
454
796
850
690
217
871
358
993
161
439
952
317
773
272
212
950
209
268
801
177
447
186
170
221
606
203
765
362
856
941
490
851
768
403
486
846
219
301
217
306
646
683
300
848
729
680
231
109
947
997
826
839
846
923
994
437
675
109
343
860
481
246
788
879
395
903
574
191
488
131
504
132
655
542
790
930
641
3
993
807
833
973
483
548
946
313
739
91
673
514
355
360
347
101
328
506
7
542
794
644
991
882
