853
535
883
47
286
395
134
257
642
38
621
438
476
11
758
292
253
526
525
825
841
935
269
859
623
853
901
322
945
998
776
675
630
604
258
678
4
18
912
290
825
279
455
311
932
874
599
628
656
343
321
362
961
528
839
633
225
528
836
386
413
452
900
924
940
219
100
899
816
680
453
550
160
341
173
31
332
657
567
457
35
165
148
197
530
956
730
133
118
2
500
629
4
615
498
183
390
515
658
622
177
668
855
549
301
517
81
720
741
522
69
443
751
177
951
314
646
747
853
209
558
932
509
629
111
966
786
66
558
421
875
671
664
679
685
631
105
898
106
409
109
802
826
154
900
283
905
985
363
532
272
236
768
533
408
481
478
930
989
23
522
352
392
926
973
48
895
740
932
58
873
186
44
475
868
686
778
946
810
90
554
584
524
725
245
46
669
193
273
803
410
333
100
53
239
411
920
520
678
420
646
133
237
515
436
157
5
272
488
119
466
566
210
350
992
950
221
734
690
221
943
752
897
876
146
988
147
367
209
246
73
280
78
285
142
380
131
872
661
670
568
313
66
259
213
918
604
622
896
654
801
773
897
890
378
364
180
412
769
248
359
251
897
758
565
927
532
677
794
515
962
10
592
65
961
234
25
786
832
445
742
581
257
505
359
968
790
341
532
373
459
263
316
967
812
896
715
733
512
822
209
926
958
786
105
398
199
4
768
320
461
259
967
620
778
289
905
843
684
183
729
177
728
765
606
465
724
564
336
471
345
376
280
50
401
24
387
897
293
599
144
64
354
968
514
363
709
910
767
82
853
866
802
149
16
856
878
994
384
468
972
93
527
417
799
775
657
114
222
634
378
429
513
435
384
844
296
193
857
438
297
358
704
430
56
876
692
858
131
441
857
911
207
110
411
706
373
324
640
514
897
472
822
420
53
25
270
223
497
751
959
858
662
750
885
283
227
267
587
770
791
567
982
28
592
594
348
452
804
634
806
815
669
835
618
182
826
65
508
506
573
236
677
371
687
747
660
129
858
957
925
575
96
307
911
253
648
338
315
613
706
512
921
368
531
101
989
842
554
660
138
459
643
337
837
159
84
245
70
41
927
368
626
707
640
470
109
921
167
926
750
63
47
407
299
431
512
971
319
136
771
857
817
683
637
533
959
88
381
11
466
153
448
948
539
581
205
808
119
896
677
733
23
192
221
174
563
323
847
640
384
624
902
809
672
611
449
793
257
237
993
990
976
971
406
170
671
293
623
176
725
410
209
624
661
538
435
310
882
660
503
858
961
474
722
611
447
505
712
413
109
437
226
229
577
61
521
530
495
155
848
839
327
527
765
254
121
156
552
719
271
962
719
633
217
142
665
696
431
463
561
944
818
434
734
721
20
57
785
779
642
231
254
236
334
375
79
304
90
13
21
712
754
45
472
462
481
764
977
976
687
412
870
427
385
187
758
329
369
957
158
230
672
497
35
912
1
450
160
245
112
599
178
242
899
557
474
937
544
924
331
698
359
647
246
693
201
640
730
94
1
595
335
450
841
913
269
354
129
80
752
38
196
545
711
364
891
747
405
369
358
958
447
518
135
762
568
903
122
185
362
928
603
634
285
496
798
887
389
155
524
890
334
203
45
235
195
615
153
461
985
94
339
114
701
501
784
716
917
400
700
430
325
150
871
802
944
520
190
44
946
83
380
638
124
979
523
501
560
634
957
844
901
242
760
624
125
119
82
301
877
857
112
431
804
488
117
962
984
857
754
222
382
313
361
381
72
935
422
159
852
702
120
641
578
730
660
937
798
484
651
837
71
969
765
996
943
776
430
276
349
475
224
478
487
893
745
312
403
126
231
937
472
507
1
730
176
201
703
715
689
346
893
84
789
921
460
77
470
323
441
503
182
760
498
85
406
280
358
381
541
169
597
316
244
144
272
753
127
621
250
72
422
868
287
794
125
457
460
378
697
12
95
468
436
421
400
225
939
570
800
214
718
167
96
222
271
581
150
716
831
678
820
566
669
848
90
855
608
344
421
820
360
897
415
361
727
197
912
836
702
802
749
962
61
17
1
568
851
499
930
997
191
389
397
743
294
494
636
987
574
839
463
769
778
210
433
439
711
613
484
604
734
353
431
376
44
870
279
179
94
146
684
499
849
258
126
362
976
656
39
974
559
989
867
811
392
56
797
326
12
152
723
827
661
775
382
42
569
671
523
861
769
945
565
494
179
812
78
862
517
355
259
201
603
635
608
744
994
947
628
174
294
388
166
856
457
27
448
143
277
388
555
408
996
265
268
86
830
372
21
669
371
954
263
650
481
872
822
50
800
266
197
272
652
385
276
187
755
709
487
463
80
244
593
58
15
810
265
978
881
281
884
422
810
290
867
602
706
53
574
959
305
574
480
738
455
233
981
836
771
62
738
314
625
256
84
733
417
459
644
940
222
372
521
209
996
774
895
474
62
90
391
153
967
838
606
990
575
809
834
731
608
734
682
376
298
695
333
336
915
500
734
339
707
805
487
334
744
524
20
976
533
150
425
991
56
899
942
578
84
19
617
16
492
244
109
465
217
626
411
523
878
94
478
608
161
459
259
549
917
764
688
422
142
425
828
585
197
4
400
120
325
255
741
355
229
593
662
157
7
369
710
325
720
577
829
777
680
774
247
822
804
663
430
723
115
133
609
262
670
810
277
295
148
469
611
20
52
812
986
628
796
35
927
64
49
924
49
247
96
215
18
873
277
725
547
87
178
743
7
264
339
845
340
919
135
867
493
107
241
414
811
191
911
224
76
971
523
984
485
946
977
966
836
567
328
165
657
625
564
522
423
582
723
580
205
335
71
452
650
88
267
551
408
684
722
633
408
262
220
781
22
171
626
74
430
518
836
72
455
211
9
524
952
656
927
823
264
25
780
710
202
420
652
478
593
316
795
374
632
601
573
746
326
48
620
772
615
791
267
173
646
852
449
293
82
375
175
96
758
532
589
690
270
541
570
163
31
128
971
190
550
637
598
183
140
539
503
619
744
667
507
837
549
620
91
398
765
377
579
20
934
232
492
927
597
573
550
912
625
222
594
778
729
696
199
805
520
202
787
432
791
640
493
376
492
187
649
735
114
983
603
630
121
101
823
285
391
618
8
970
127
840
440
393
593
91
936
732
67
431
792
51
894
424
817
205
347
57
265
383
936
193
831
132
958
179
583
350
789
230
712
228
602
749
92
780
335
351
416
723
691
912
269
107
653
641
191
380
603
799
660
287
735
296
966
606
861
107
44
496
318
175
550
675
657
316
104
243
234
682
905
179
83
239
476
721
362
205
678
670
987
347
985
342
640
722
65
773
326
123
214
123
506
439
761
786
908
47
994
341
802
509
553
907
776
531
707
804
711
171
231
179
76
702
666
773
242
657
72
761
162
532
372
424
738
221
474
599
123
205
555
426
712
9
328
124
84
276
923
293
315
115
618
186
220
465
325
291
829
195
51
873
184
471
232
311
629
633
169
98
775
190
315
572
99
269
856
685
630
794
891
915
487
756
799
612
853
66
395
633
82
722
881
286
56
674
312
791
187
307
214
677
951
234
305
176
723
128
112
87
351
237
581
119
234
568
782
785
951
770
508
327
912
997
404
47
755
479
333
824
116
323
328
61
284
633
527
665
577
108
423
234
958
821
231
448
724
238
998
903
264
674
32
156
87
67
970
917
496
516
750
700
817
209
353
460
181
51
483
948
276
944
774
437
11
130
819
167
53
670
465
113
394
473
607
696
608
126
892
991
647
787
61
960
849
709
247
186
666
448
646
732
436
356
501
113
614
348
287
564
246
681
317
661
485
694
840
548
170
117
298
310
49
123
192
175
469
15
323
191
3
152
296
743
298
976
524
621
880
419
851
486
22
837
43
972
223
699
845
800
325
432
668
786
621
187
112
399
324
71
13
833
537
324
376
733
796
724
186
730
768
728
697
502
262
923
555
109
610
911
700
868
393
679
905
506
363
709
525
16
526
965
405
651
923
418
872
480
797
128
649
543
318
649
279
275
772
171
580
777
189
122
525
886
551
914
498
662
52
552
335
435
883
306
170
283
361
795
502
781
858
540
959
645
811
695
23
422
826
30
968
87
585
956
642
785
206
945
287
624
6
108
486
16
828
148
565
546
364
112
955
694
701
688
53
187
606
979
87
886
88
626
453
560
429
637
642
51
927
724
0
165
164
905
889
214
256
229
39
895
755
87
959
67
741
284
683
803
911
139
135
100
916
841
124
587
201
149
316
893
440
956
485
704
931
535
962
742
759
803
622
195
134
578
674
772
786
24
24
922
175
721
337
752
600
233
189
737
925
916
497
78
172
559
710
295
333
654
623
567
322
504
162
949
182
504
531
936
645
53
838
226
925
796
596
625
356
884
743
450
938
890
985
862
8
670
226
402
169
286
225
450
624
18
469
302
122
616
236
247
213
961
3
499
1
35
551
223
326
248
468
341
351
855
84
63
694
338
242
130
551
56
695
406
41
179
397
805
258
732
923
882
154
558
520
628
556
248
579
75
352
535
930
667
356
964
297
751
973
129
318
223
904
114
627
476
877
802
691
419
903
571
769
41
757
98
277
750
285
2
560
733
665
936
50
555
690
663
706
22
981
525
134
368
195
749
187
260
61
151
215
976
448
845
917
715
773
359
746
801
660
1
342
540
730
323
636
310
400
769
285
997
551
757
721
590
936
314
208
77
521
242
721
251
365
706
17
921
346
259
518
196
769
13
580
865
634
552
80
643
79
163
819
587
905
504
1
88
488
759
794
575
343
235
777
124
366
298
451
930
317
704
74
687
941
406
827
564
697
391
197
139
397
92
828
425
270
896
244
239
986
870
321
356
777
578
374
117
548
901
109
807
221
813
247
435
351
380
212
820
864
128
621
22
36
99
31
239
491
508
611
522
342
494
597
881
998
95
321
459
246
627
77
103
522
922
523
312
488
967
293
537
77
731
102
227
291
98
958
708
346
436
614
594
317
846
469
801
646
898
82
721
645
652
251
467
77
815
670
989
79
800
670
413
138
616
281
258
699
64
799
609
74
920
117
751
446
440
522
90
522
11
705
645
935
521
729
731
972
724
418
619
4
805
913
701
79
719
917
565
643
572
555
669
76
720
639
928
113
691
540
748
353
442
894
383
158
608
342
54
690
633
309
458
847
279
92
379
323
121
124
233
819
32
194
945
447
740
285
237
711
775
883
32
28
416
936
192
898
586
425
621
404
206
776
400
577
887
481
215
526
652
132
993
932
683
652
981
675
404
279
896
710
4
807
222
897
67
9
272
281
496
587
103
220
323
603
56
169
283
158
769
968
57
527
747
764
597
672
880
712
584
733
294
361
754
375
853
474
820
639
462
749
208
636
501
401
80
926
368
679
565
404
856
394
369
315
503
182
446
663
466
671
64
343
234
757
1
388
790
735
12
475
475
286
964
884
534
675
21
305
689
940
355
2
548
939
531
552
214
823
734
305
893
127
685
229
154
772
17
78
848
510
194
53
966
722
763
146
715
931
675
115
546
631
111
706
478
739
934
952
936
641
30
318
566
280
893
558
366
589
978
21
940
633
365
492
696
363
740
207
115
984
16
390
340
208
656
74
534
19
956
578
668
363
36
86
384
563
658
155
895
936
588
689
465
96
279
801
600
897
401
124
759
346
470
208
878
671
878
331
627
769
188
381
282
333
985
801
568
567
162
964
333
854
920
361
312
49
367
109
487
786
241
919
231
690
211
609
377
101
496
973
694
608
437
898
524
904
478
86
601
44
39
49
215
462
108
519
465
110
277
894
109
40
196
120
674
615
561
915
156
354
832
768
926
77
425
553
616
739
177
606
449
443
599
57
254
888
658
145
627
518
104
524
321
210
194
761
953
417
359
637
16
900
37
683
76
186
391
889
582
814
652
993
640
907
908
526
729
109
600
496
294
514
698
953
388
465
835
840
723
321
124
102
325
685
95
960
151
870
23
572
927
418
693
151
727
740
477
878
401
108
872
260
220
961
586
787
981
211
247
94
665
478
130
295
394
500
590
573
416
690
921
616
258
382
534
416
286
943
34
122
133
717
704
932
482
187
745
452
413
171
390
300
483
968
792
16
176
217
939
699
695
205
973
158
825
314
165
931
380
907
986
386
430
81
930
978
115
680
901
562
171
910
128
431
904
31
46
721
262
949
852
322
531
599
212
454
817
207
716
809
634
256
263
686
508
583
445
60
709
857
695
550
616
6
318
202
680
604
508
985
653
655
178
625
797
288
420
648
532
524
378
130
695
6
704
157
382
455
513
651
880
829
519
199
747
882
718
595
820
86
10
738
220
376
830
66
620
81
598
700
674
809
943
246
700
102
365
520
548
778
462
423
269
636
214
719
205
202
153
332
892
734
368
258
780
622
318
299
385
481
658
993
890
454
499
477
113
951
287
151
376
335
220
551
540
247
66
364
342
15
280
867
951
803
310
482
20
59
219
253
267
152
265
496
397
92
270
182
117
354
956
242
871
294
779
717
844
21
348
815
613
608
353
393
846
941
84
698
270
823
478
360
699
455
529
65
123
434
312
155
688
573
309
177
452
367
499
799
662
318
13
872
579
117
462
837
448
492
83
777
31
896
334
251
905
677
780
140
867
41
209
458
363
34
34
388
941
43
36
254
961
123
763
383
47
455
990
401
886
961
985
17
913
808
394
600
132
802
561
49
837
944
217
660
630
321
964
194
266
121
414
666
502
347
216
387
394
613
224
19
80
547
615
296
236
166
332
277
884
207
863
7
651
791
352
529
72
480
449
572
300
481
489
731
68
902
739
510
172
359
750
60
973
610
550
847
887
587
419
427
459
731
896
816
26
774
999
640
994
489
291
546
555
780
950
272
932
789
148
494
572
773
983
236
533
975
44
790
235
766
759
930
406
606
315
394
396
630
908
234
492
484
968
796
950
985
315
458
926
239
706
204
730
16
707
923
218
625
107
901
752
711
56
402
72
64
528
318
529
638
593
360
453
295
714
889
510
145
937
122
905
412
663
624
351
23
234
769
41
472
426
235
317
975
310
194
287
426
623
211
137
158
468
32
253
148
208
979
202
314
1
133
982
860
714
89
851
43
12
157
813
357
136
273
682
420
657
164
211
243
368
123
803
95
247
2
61
267
577
104
635
398
58
102
60
136
3
825
517
403
89
208
60
47
127
384
544
457
529
902
493
764
819
220
287
896
8
760
837
730
399
889
288
308
955
604
532
647
426
174
814
439
41
314
870
6
966
982
239
35
958
737
37
628
176
487
222
89
897
296
796
851
769
846
818
341
910
950
349
34
24
297
541
567
812
299
356
626
437
675
206
956
576
37
74
171
623
332
648
747
889
108
643
869
695
375
521
496
202
261
488
560
123
546
979
516
179
563
118
692
308
121
830
27
847
65
556
657
560
979
12
716
328
658
177
649
633
459
332
157
943
321
412
257
196
88
976
325
284
169
315
219
27
398
134
136
532
431
765
279
835
75
635
927
85
683
919
285
559
971
363
717
612
954
146
477
235
981
859
42
32
223
363
616
258
171
783
716
525
173
930
924
49
86
244
385
170
118
412
804
593
903
600
647
755
720
970
109
377
399
524
332
0
795
472
754
649
224
81
278
788
836
614
104
944
362
512
876
422
173
762
387
607
831
432
731
979
378
187
128
44
103
348
98
522
462
103
897
529
461
507
342
111
468
399
100
786
376
447
959
745
790
326
148
690
987
126
761
28
498
126
510
806
277
507
860
840
303
747
5
208
442
182
277
656
852
357
47
749
952
464
811
644
418
954
894
376
955
656
146
943
846
906
624
213
153
425
915
721
600
682
967
215
774
329
226
878
742
353
545
763
802
923
614
685
241
822
361
882
670
566
533
362
927
368
533
571
387
860
870
68
903
676
366
991
723
653
645
64
928
43
355
203
757
289
635
573
643
361
214
945
957
113
955
526
284
447
461
559
754
751
109
315
37
58
946
262
671
425
71
640
403
338
700
892
2
666
911
540
815
492
276
979
528
425
914
971
895
568
329
913
79
672
865
797
490
644
148
902
122
862
814
325
431
639
196
872
73
869
100
955
151
462
835
82
143
37
532
602
774
411
215
744
146
839
145
378
326
809
571
533
166
587
733
671
476
209
156
398
162
283
329
712
313
8
572
637
753
126
705
153
906
679
434
918
19
109
269
290
809
186
743
461
546
329
529
598
810
729
818
710
45
771
574
613
934
890
630
403
128
275
639
194
11
405
919
282
954
282
869
597
170
430
889
973
589
992
916
322
904
743
353
960
617
998
892
752
382
427
313
430
922
941
320
891
81
340
304
596
22
261
890
427
682
222
928
804
48
887
453
427
199
746
854
52
432
644
114
59
296
660
622
909
680
755
116
478
307
29
148
372
184
127
283
44
353
265
172
676
955
199
709
329
943
330
883
570
856
420
848
292
286
956
947
784
762
990
97
18
923
39
708
35
520
831
617
472
159
520
629
988
534
287
98
508
48
40
855
82
146
519
550
349
462
404
147
447
416
558
953
174
359
427
398
527
462
734
466
640
812
507
236
124
592
152
582
45
1
980
186
605
446
4
989
653
673
883
3
506
313
314
683
980
320
344
332
473
562
604
488
770
295
1
856
148
59
665
897
618
724
45
685
369
483
580
941
228
271
834
997
785
638
682
296
227
246
663
550
945
259
616
651
456
329
35
50
876
981
643
857
741
407
852
855
823
875
358
260
698
808
416
464
556
535
568
647
611
544
280
482
768
347
819
697
352
371
432
537
572
295
237
824
220
443
344
129
632
588
859
884
287
411
350
508
539
964
441
136
124
896
882
562
908
736
668
452
716
610
273
965
181
753
80
238
233
264
186
97
138
479
706
756
747
105
612
626
206
773
256
939
358
948
182
78
623
691
259
284
98
745
965
446
397
530
140
81
322
806
138
49
671
988
4
900
734
723
201
473
710
162
299
313
505
621
147
548
79
363
866
103
188
439
101
717
597
388
560
347
793
668
143
969
541
210
425
885
200
63
142
170
417
450
34
825
822
35
538
654
430
258
631
135
736
395
136
977
910
437
357
412
621
259
10
999
974
595
816
126
698
429
250
995
912
846
334
588
163
118
139
772
507
766
874
683
96
750
480
122
606
214
722
122
541
491
730
213
177
941
202
512
842
95
830
926
228
910
943
24
449
461
220
900
125
632
20
60
915
680
98
441
247
71
256
711
659
708
160
610
574
169
478
313
617
835
745
331
380
322
12
103
969
466
384
808
86
952
437
425
745
329
984
917
303
480
895
418
678
526
339
119
36
87
413
811
72
698
116
808
831
113
102
337
73
731
717
119
869
478
596
714
898
113
386
230
464
568
822
28
366
65
404
131
421
623
486
598
621
932
87
119
263
437
180
316
947
593
564
154
402
546
681
944
822
879
343
453
633
49
253
172
91
948
978
662
32
288
282
344
210
57
825
415
35
100
551
410
141
196
596
696
597
611
446
905
29
284
920
121
930
753
421
258
53
232
478
960
621
252
793
267
149
793
755
81
26
727
766
603
505
579
974
689
582
18
120
471
399
952
669
698
690
401
358
238
517
781
808
434
157
497
650
591
120
899
860
660
262
598
946
349
253
127
881
469
933
231
274
290
341
707
701
40
699
296
807
145
113
659
663
883
590
432
661
154
330
872
380
856
54
345
387
722
667
121
294
373
443
530
882
89
165
949
152
468
956
632
617
322
306
434
300
108
553
280
508
342
355
409
813
606
90
183
792
801
858
415
677
360
350
619
864
908
712
741
647
997
909
719
579
889
624
177
462
531
430
691
276
314
602
243
445
468
578
521
737
515
538
529
53
86
879
553
245
795
191
420
138
268
990
990
358
511
964
697
150
42
750
895
696
311
81
81
588
701
175
47
744
335
19
793
702
136
703
742
689
415
872
594
296
920
80
461
258
467
516
538
155
921
559
478
902
348
95
130
347
22
751
641
666
509
677
734
929
557
708
712
571
439
165
839
354
449
41
572
990
277
842
748
830
678
355
142
438
57
84
565
546
777
859
767
74
133
720
151
830
254
232
880
68
851
236
931
567
815
650
811
675
310
332
343
479
451
80
15
721
542
17
603
568
773
35
9
638
312
956
581
220
129
593
14
603
484
391
454
912
443
668
857
72
709
676
610
501
840
896
275
343
292
764
892
822
978
800
302
670
997
25
760
780
248
25
1
937
409
765
959
693
380
837
440
349
930
233
807
248
371
177
753
767
266
958
888
739
593
584
239
195
917
400
231
606
834
47
82
5
546
325
735
5
370
350
942
548
510
355
692
169
734
749
864
633
809
903
710
776
905
805
228
341
110
151
740
657
40
90
386
384
359
105
806
129
854
848
636
883
992
530
762
432
80
419
681
455
39
664
288
876
738
861
333
107
162
415
533
381
481
36
391
522
857
272
700
976
199
186
841
210
0
77
784
228
954
675
628
150
854
671
284
544
237
66
969
438
273
929
595
715
933
748
233
810
359
522
448
642
933
435
71
26
238
382
960
78
363
757
480
817
230
958
563
76
81
251
442
917
345
259
646
691
333
306
98
281
266
687
52
785
281
117
652
235
187
965
528
454
707
585
903
886
453
851
493
487
38
159
870
1
668
807
446
60
847
6
592
838
217
895
14
619
626
735
33
380
102
872
233
155
83
527
911
269
357
48
249
353
876
752
566
89
538
572
419
367
501
56
677
794
236
874
575
312
816
9
86
181
856
520
251
469
49
703
409
447
317
844
137
508
756
973
658
454
97
617
796
179
319
952
663
868
355
953
479
361
859
803
963
464
95
157
566
478
23
913
885
844
790
830
571
573
766
982
626
240
267
376
778
321
716
335
751
189
151
522
206
750
924
36
7
227
14
863
594
283
189
941
251
291
775
200
96
199
920
851
605
534
511
576
301
409
804
827
260
756
279
342
971
254
642
543
380
878
114
551
790
14
586
252
699
725
816
745
600
752
468
940
852
296
142
313
805
82
87
269
328
978
707
470
495
441
806
833
896
930
213
963
347
823
718
60
612
25
770
321
402
464
513
217
207
664
711
515
466
236
70
718
49
439
180
560
234
601
135
707
724
606
438
445
657
350
17
495
727
176
804
384
328
752
391
474
398
107
386
406
427
328
112
676
32
58
521
870
612
115
813
341
384
467
693
939
152
562
844
667
132
874
630
222
936
128
831
648
505
348
111
114
641
302
805
633
845
700
98
486
861
554
648
199
283
17
731
919
232
915
718
442
267
382
504
491
59
823
256
121
264
137
143
63
725
125
134
987
104
404
824
330
876
348
913
658
183
399
542
759
568
658
391
826
228
676
531
607
729
630
555
30
226
242
281
741
332
558
546
892
80
547
690
385
363
881
807
308
962
630
737
901
34
63
472
813
462
373
822
891
18
596
470
960
600
464
638
772
625
617
649
715
167
912
232
2
456
866
458
495
389
133
697
80
4
889
799
610
539
193
569
725
430
794
747
709
946
619
636
845
963
877
980
271
339
996
763
367
100
503
155
705
816
277
120
168
359
457
143
176
609
799
509
326
508
319
522
759
176
554
13
710
209
634
2
58
461
95
442
727
903
15
649
180
251
998
13
101
482
878
661
81
481
496
689
743
301
292
625
109
89
366
513
489
500
977
643
323
285
752
205
698
48
187
852
374
285
711
161
415
727
217
747
716
82
228
933
622
289
856
282
902
607
486
726
364
172
554
455
530
378
848
68
192
153
522
373
193
632
168
195
710
180
633
952
617
694
578
682
445
224
181
716
36
0
291
558
889
833
500
223
823
966
670
824
489
336
85
442
988
122
298
755
186
202
775
221
536
179
306
383
522
898
224
8
854
429
492
689
142
58
208
354
562
391
147
344
701
990
963
62
863
244
437
329
875
889
315
961
441
594
277
28
999
766
667
237
916
638
746
109
877
465
397
257
91
350
150
45
773
707
501
318
834
533
792
182
641
537
716
276
53
811
67
458
851
557
518
339
998
259
117
124
837
100
508
194
202
891
888
885
711
350
67
68
901
951
980
889
717
250
931
662
234
822
819
288
422
271
41
482
324
811
540
813
902
284
541
663
136
718
281
138
660
521
820
23
48
40
792
338
861
563
471
80
369
739
926
446
120
108
522
995
334
631
359
641
552
841
983
320
115
118
352
388
293
786
177
360
171
233
125
962
970
53
873
649
755
561
579
405
648
540
508
901
684
479
792
7
563
794
650
516
44
268
765
529
648
754
345
949
150
82
51
504
5
265
392
417
670
873
915
715
384
6
101
617
478
931
764
231
79
209
80
227
580
696
129
235
367
233
21
57
617
723
281
252
756
476
381
361
611
915
245
474
464
220
125
558
804
219
310
874
308
116
366
197
57
818
156
258
384
535
692
641
580
180
936
807
617
241
680
384
523
743
986
786
390
92
734
228
431
159
100
38
58
52
95
795
29
634
501
892
5
475
407
359
568
364
7
848
811
542
384
622
565
837
194
906
499
575
565
131
109
222
214
677
969
521
640
547
263
32
925
747
597
607
934
258
323
773
430
295
625
941
149
300
880
260
636
794
959
52
821
164
807
465
141
287
513
299
172
216
742
787
596
206
895
217
832
850
271
789
247
453
485
428
889
641
526
197
649
26
306
485
419
454
174
64
777
907
995
129
113
719
668
492
857
270
933
330
453
576
50
149
904
865
342
500
769
261
78
952
280
491
605
496
842
217
609
851
889
353
85
261
143
138
152
163
924
178
110
474
638
35
286
708
25
923
516
157
520
240
256
181
450
316
286
751
592
438
423
473
653
825
984
445
735
248
594
632
422
250
890
680
787
755
282
212
107
795
927
366
356
819
300
196
486
245
383
112
429
492
450
468
423
228
29
402
385
522
306
619
615
119
337
950
787
729
325
755
54
962
791
136
285
397
130
661
589
567
990
251
906
683
665
490
885
617
619
355
380
591
48
731
174
727
347
786
87
571
921
786
641
215
692
908
108
607
114
55
903
345
37
506
599
243
563
316
439
288
753
266
497
247
332
929
180
796
648
197
623
900
21
641
356
659
278
160
113
936
140
819
907
491
819
251
571
333
90
74
590
849
497
365
535
514
118
757
584
126
569
159
890
953
257
8
25
173
566
340
611
872
8
673
794
158
159
600
447
344
101
780
18
757
282
318
855
41
814
183
747
60
732
383
872
668
781
230
877
717
98
634
474
295
966
761
627
881
787
167
874
757
740
801
810
476
835
595
305
707
813
759
437
486
666
623
346
908
425
701
91
563
323
496
64
782
247
578
110
204
726
769
989
51
295
394
390
780
254
100
292
785
417
156
829
604
660
61
112
234
237
3
177
992
986
352
298
68
833
206
357
983
600
493
256
98
807
399
663
759
698
547
944
473
451
936
203
695
904
922
993
364
713
769
591
899
429
128
51
585
85
915
886
619
97
933
90
234
762
776
637
812
927
78
951
669
652
473
785
814
120
166
838
948
333
823
430
420
62
488
57
694
884
258
89
823
505
647
771
188
97
909
728
652
533
879
22
965
274
568
436
329
394
953
982
330
258
268
662
76
891
66
772
450
556
211
767
388
712
700
764
151
732
462
223
765
709
564
128
343
719
604
663
921
648
482
858
781
398
402
430
626
294
301
677
533
647
101
128
881
670
660
629
707
804
290
354
721
941
558
795
253
138
855
839
45
401
691
850
501
114
103
519
142
174
296
812
856
380
378
787
414
932
527
877
673
359
66
458
864
854
252
271
534
898
943
55
5
236
714
901
82
679
372
120
776
803
964
168
258
498
608
1
947
880
644
117
488
967
118
583
617
136
8
365
491
281
613
733
881
571
728
748
117
651
329
298
993
52
417
602
971
123
712
129
217
499
253
445
56
874
358
344
716
540
688
908
355
854
729
241
298
421
644
78
821
736
214
293
497
91
271
153
692
430
730
12
503
70
632
444
210
778
353
301
441
416
197
222
750
561
275
821
727
634
344
443
874
157
618
984
142
455
645
726
811
739
590
593
397
471
566
562
941
894
489
424
81
486
103
952
533
866
587
350
417
890
210
349
348
49
255
891
490
744
629
177
579
122
803
689
340
720
39
664
169
813
804
551
75
764
14
236
182
681
656
654
927
469
364
858
12
302
491
943
484
926
581
153
9
563
539
60
11
359
306
478
47
649
459
930
335
636
42
234
180
134
523
893
593
715
196
290
98
715
511
708
76
34
830
94
975
30
316
337
170
534
361
219
582
729
198
218
853
13
730
362
860
33
420
171
599
341
299
526
228
840
154
161
299
162
439
697
580
11
239
328
890
988
698
592
14
293
653
942
702
710
431
130
24
170
395
999
906
585
304
398
724
677
78
919
496
543
514
682
88
603
835
946
321
297
14
396
511
101
343
576
962
609
465
237
935
322
384
225
553
360
277
833
297
674
361
773
252
706
590
560
924
420
450
815
90
101
813
152
866
57
605
693
791
653
120
473
713
175
211
410
356
339
320
247
892
31
436
852
301
777
242
100
743
295
82
895
970
640
263
172
870
585
432
279
431
386
724
583
943
402
515
986
444
560
506
82
611
860
319
996
621
717
247
325
58
509
85
320
979
522
339
23
708
557
933
726
129
952
804
406
440
660
825
792
24
129
411
567
488
490
682
148
732
87
421
588
147
20
161
869
444
115
754
65
490
526
807
834
214
791
393
502
340
515
325
541
80
284
115
425
715
767
549
964
768
278
11
193
380
78
902
724
542
227
653
451
27
794
405
41
324
247
259
993
316
57
15
120
909
795
665
934
947
916
63
902
875
977
75
539
124
537
22
245
455
890
985
53
52
346
662
662
878
425
210
253
663
517
782
58
118
565
846
630
768
682
722
895
508
778
99
747
140
79
584
362
449
808
673
70
231
383
403
183
601
331
718
914
373
646
635
290
859
25
483
74
154
487
676
522
436
800
380
728
883
991
771
480
564
982
140
423
387
87
572
269
71
734
831
401
831
878
935
625
829
513
830
618
546
741
894
693
970
531
878
187
505
849
888
114
687
10
777
360
40
324
465
151
103
75
492
930
420
860
928
47
339
892
415
333
543
66
999
800
734
291
361
547
15
373
359
949
482
557
713
616
175
941
498
309
361
552
990
972
148
456
982
179
173
394
272
156
441
768
737
340
433
464
796
329
956
570
728
780
157
424
116
719
862
233
206
25
54
503
509
255
719
746
283
53
963
315
399
438
232
366
666
449
777
802
193
772
728
594
890
109
1
169
122
454
712
714
246
289
933
326
577
301
534
490
205
807
654
319
302
396
765
363
771
670
793
889
222
141
659
581
630
776
844
490
67
629
186
111
626
501
830
23
849
651
384
200
942
286
965
134
987
965
424
713
620
491
350
605
132
260
78
881
85
566
601
450
862
611
214
600
778
398
354
656
95
876
526
68
804
445
697
321
662
642
679
583
437
970
330
198
371
440
632
63
508
135
421
104
84
489
883
573
414
659
423
891
209
566
142
270
760
642
192
270
345
643
468
589
261
104
460
284
890
554
274
143
510
546
74
182
349
910
978
638
669
606
40
991
664
569
579
430
593
645
340
742
483
279
190
563
22
72
708
240
611
193
274
121
122
504
103
707
241
779
210
619
32
732
210
516
900
526
106
389
513
631
109
562
795
815
102
321
534
384
659
576
956
278
906
142
655
888
133
303
848
23
451
788
112
103
791
394
556
101
693
433
774
880
9
616
970
842
458
591
198
728
672
638
622
448
834
172
382
451
795
658
993
363
37
633
634
31
182
153
850
213
3
836
289
615
98
930
736
209
908
622
302
969
187
368
273
440
416
21
855
353
337
60
238
775
697
90
449
396
560
849
660
343
92
316
858
701
976
54
20
251
28
572
253
307
653
240
308
942
710
551
818
393
15
165
181
258
622
80
988
788
948
442
907
922
713
275
865
873
857
678
256
633
856
586
813
421
597
861
865
969
396
772
831
11
166
157
319
605
396
737
106
138
146
420
711
247
545
399
581
44
431
321
610
275
59
25
628
560
395
438
350
489
920
443
341
592
133
589
260
95
836
110
244
316
266
408
232
333
196
522
864
533
1
31
755
352
530
927
163
683
896
709
140
335
52
539
918
856
645
843
739
569
381
768
194
835
965
324
597
221
970
459
224
765
648
527
99
64
327
854
74
855
562
545
115
291
95
950
480
466
668
904
301
354
935
190
404
846
746
689
671
975
332
474
758
340
763
291
786
172
432
740
601
547
636
882
891
700
210
83
836
727
252
53
227
339
331
375
138
909
353
392
823
450
442
47
218
33
50
938
464
156
992
579
567
408
435
488
587
931
20
258
377
815
757
936
299
436
792
469
83
458
379
79
155
526
618
410
707
957
757
148
284
823
380
738
454
190
57
731
293
840
77
547
153
848
317
803
733
508
542
367
512
867
959
304
507
573
110
707
147
167
677
433
367
702
598
105
860
356
909
43
599
842
93
934
562
53
382
197
787
52
662
180
585
616
773
450
993
284
629
530
416
360
681
674
569
649
341
15
970
939
480
992
602
609
477
923
125
828
248
261
988
747
231
702
46
362
350
428
923
78
47
991
443
871
186
277
250
239
770
718
623
682
264
674
134
375
564
698
714
214
217
741
527
602
185
940
527
400
457
824
882
161
629
114
276
677
151
787
274
376
436
517
13
434
607
554
994
321
851
124
321
890
907
444
637
880
692
886
779
668
710
213
190
301
638
139
387
697
616
580
240
685
819
324
682
754
397
926
24
961
65
583
826
713
245
314
54
334
81
748
907
507
269
843
903
219
731
59
63
957
397
329
486
582
863
339
295
771
296
384
262
831
558
140
460
642
704
55
481
811
607
415
672
671
839
722
581
731
722
776
945
118
391
840
850
42
905
675
172
325
818
190
253
955
146
76
576
582
603
507
360
880
991
221
647
784
971
530
751
140
893
948
97
22
37
987
141
762
976
194
449
359
251
370
813
148
38
117
878
540
502
574
401
133
575
791
299
414
690
939
447
7
452
373
167
685
551
704
670
230
37
441
150
993
193
546
190
786
673
977
726
237
809
296
517
721
169
125
979
463
403
525
971
683
997
909
155
690
766
297
255
724
742
944
186
989
558
712
439
198
115
814
296
961
709
705
660
517
509
976
390
782
294
160
60
313
362
786
485
334
520
669
446
783
141
912
55
512
802
155
281
40
660
6
187
711
233
273
750
488
257
542
821
89
91
852
257
296
539
758
628
553
968
252
532
965
514
767
371
373
923
298
780
455
997
376
816
360
421
465
675
555
239
9
984
49
603
138
308
289
910
488
713
922
571
613
537
855
995
455
639
250
771
327
896
916
278
964
487
187
162
647
362
429
975
7
407
661
645
152
459
276
861
392
220
889
107
618
757
60
490
295
482
535
201
97
397
846
277
793
392
113
583
20
940
383
679
850
42
869
649
400
695
424
631
334
517
847
127
34
456
213
759
358
110
189
150
992
251
998
772
569
539
697
197
313
809
177
961
369
656
491
56
448
736
765
693
394
92
60
32
621
633
737
792
702
385
652
97
996
697
379
394
979
360
676
754
388
873
362
661
539
906
749
617
698
574
821
678
564
248
967
229
811
793
545
975
294
756
467
834
693
944
486
776
391
870
890
856
943
467
978
241
626
800
43
932
380
937
598
914
892
714
345
974
565
176
572
387
854
559
818
697
964
704
911
940
925
206
890
646
737
969
395
863
269
2
110
842
96
984
200
121
34
802
449
299
209
294
83
269
781
482
299
335
591
193
965
73
614
624
332
45
898
257
698
150
396
992
397
34
973
220
684
252
934
712
872
549
136
91
62
92
693
100
675
707
887
594
753
356
8
500
514
820
849
412
306
119
847
673
226
972
43
45
433
882
448
764
382
611
338
318
284
952
958
575
821
317
764
597
634
63
340
329
905
515
152
18
353
712
678
998
786
968
866
667
552
819
953
861
386
221
408
929
549
409
86
489
783
214
967
392
761
465
523
961
620
219
662
699
535
340
929
112
215
575
137
262
241
264
199
797
700
356
464
378
147
184
110
243
249
293
606
140
541
994
987
898
409
866
67
974
805
568
856
204
521
728
82
973
651
344
228
250
782
839
300
858
228
924
974
357
316
458
91
273
711
243
78
693
432
171
423
709
139
126
860
893
120
836
61
753
495
419
990
485
725
38
234
64
592
974
142
238
488
926
196
423
191
267
890
858
258
155
850
198
304
437
395
378
66
690
264
218
508
706
423
653
804
402
420
430
440
604
455
416
604
992
995
261
996
514
201
416
327
388
301
10
325
621
62
978
594
322
180
24
683
652
677
492
160
618
609
122
155
248
575
1
753
728
695
660
630
897
1
353
254
749
94
912
481
727
446
134
270
844
665
331
803
633
354
160
348
990
921
813
682
802
8
530
822
287
800
533
623
487
500
699
527
662
846
946
613
426
345
174
143
681
408
730
909
650
501
402
326
599
3
679
221
552
544
587
412
596
414
221
60
516
889
911
44
632
774
422
584
158
241
10
596
568
695
623
65
470
918
314
926
835
873
96
763
716
193
412
994
431
472
111
752
216
272
29
107
706
460
85
979
220
365
210
421
249
879
608
894
717
317
112
389
405
146
712
325
510
873
132
217
576
512
554
65
676
505
213
428
476
249
951
478
371
396
389
356
85
377
558
741
711
161
436
899
554
734
910
178
468
490
461
833
896
134
405
623
679
892
742
824
847
158
540
480
67
464
124
470
443
507
545
277
237
596
973
207
844
685
579
387
664
931
461
769
798
536
257
843
474
185
18
54
34
498
340
177
389
680
39
782
539
351
680
127
238
750
68
778
610
576
343
271
25
996
621
362
771
519
206
397
700
120
791
752
29
876
342
787
647
68
646
410
830
124
45
242
51
197
650
948
804
349
794
175
176
237
476
819
309
947
316
980
461
113
470
723
673
574
44
779
548
172
345
186
387
874
454
367
243
498
300
459
619
549
796
235
204
654
756
293
759
748
923
80
485
332
46
881
813
399
140
956
25
984
351
47
826
712
228
197
310
357
957
698
94
552
948
610
589
463
235
503
238
755
98
675
501
858
865
850
145
991
134
68
640
408
305
801
539
352
423
525
140
535
908
455
814
263
587
949
507
328
347
650
180
558
114
66
628
289
693
821
909
126
964
195
648
636
432
735
999
105
598
863
318
934
328
395
137
256
786
459
63
129
642
38
96
655
283
512
146
138
348
699
122
340
837
906
2
236
73
706
221
811
51
282
123
675
746
125
273
405
886
837
520
962
24
378
42
68
421
363
800
134
836
28
879
73
696
561
580
832
695
281
534
982
812
343
995
631
578
357
206
876
434
874
607
139
519
790
83
191
8
923
493
755
214
223
821
829
222
543
656
425
649
365
41
890
650
165
71
585
824
981
230
511
13
779
210
653
501
36
129
246
867
361
593
395
193
876
667
944
599
492
502
765
638
574
462
176
605
357
646
72
371
523
723
909
638
392
147
14
236
513
175
291
488
261
861
429
839
453
913
818
747
842
244
53
951
859
757
846
917
854
712
310
997
919
300
38
366
736
930
880
874
32
450
213
397
70
984
681
334
823
599
988
89
279
476
474
532
116
735
669
865
545
190
498
292
978
962
697
989
163
461
657
384
574
36
268
323
957
346
958
519
268
382
284
251
51
486
659
213
651
747
318
162
646
926
516
273
452
716
56
267
51
878
203
389
694
324
472
265
649
28
518
514
708
389
371
663
895
720
919
874
101
921
527
328
860
931
995
771
660
882
42
231
493
709
589
867
190
715
513
729
363
500
64
399
239
364
50
958
570
788
88
818
821
234
866
83
452
674
481
276
938
324
255
883
916
176
102
912
198
456
375
649
107
933
284
301
292
828
648
504
630
761
909
702
264
669
965
651
173
789
37
859
656
987
55
493
765
665
480
973
264
339
106
538
912
188
314
773
11
380
92
172
880
872
341
302
65
826
826
992
336
835
407
247
891
590
939
534
211
23
674
154
337
932
890
108
66
291
506
416
413
396
448
340
922
48
98
746
262
314
48
569
740
301
16
753
366
934
465
750
748
491
852
143
12
420
975
271
186
193
660
19
386
565
539
118
844
377
803
50
999
52
526
583
210
369
38
809
207
130
562
621
128
772
630
747
54
226
674
747
72
542
793
961
529
886
324
355
829
412
64
581
365
272
990
970
129
153
866
734
646
298
686
130
129
730
840
896
570
390
897
991
387
147
671
201
779
671
829
635
246
327
705
60
320
519
303
938
370
925
572
970
628
174
198
230
780
157
298
636
374
193
925
660
748
511
439
122
15
8
677
46
791
765
231
632
231
111
393
127
365
651
981
539
433
735
216
609
675
774
500
904
154
994
567
682
330
835
530
693
222
834
324
411
183
59
664
486
875
451
484
216
497
461
59
586
284
804
766
995
126
764
158
452
7
1
765
721
102
941
54
770
328
92
58
59
630
939
173
241
131
248
168
391
15
947
64
679
46
517
167
316
541
168
201
223
669
663
529
945
752
119
341
793
132
807
999
54
902
596
678
96
592
224
405
34
886
91
394
434
454
787
338
4
511
792
771
443
747
507
698
489
527
352
166
858
842
313
868
428
20
382
316
602
722
482
451
33
335
343
971
122
189
836
33
226
492
70
229
758
562
141
943
763
700
553
288
644
539
725
447
253
803
578
133
504
88
598
627
782
682
311
394
601
266
435
603
423
661
130
384
937
537
182
306
373
798
257
149
721
247
0
889
801
784
391
699
58
738
765
155
176
198
529
711
149
414
197
232
235
450
258
258
332
737
93
890
200
142
0
940
775
861
108
643
615
598
725
260
480
826
182
788
78
715
231
953
863
465
748
399
806
386
208
325
415
401
114
863
395
307
943
765
847
686
864
523
440
363
645
282
802
373
897
879
89
322
808
602
959
658
791
722
783
718
124
40
81
410
797
529
776
894
477
248
96
897
92
179
60
455
678
676
175
350
735
146
81
131
581
121
76
178
575
648
320
949
380
306
508
284
7
720
965
294
386
925
804
847
465
321
227
43
744
105
640
130
63
839
894
813
565
654
136
776
659
922
767
144
978
245
62
950
151
404
556
924
150
548
369
296
430
263
965
87
691
147
589
428
329
341
103
993
472
561
481
917
147
422
517
158
381
424
696
745
950
845
642
688
178
853
80
107
747
683
961
802
832
361
302
898
62
99
326
158
638
187
576
704
223
557
930
568
214
627
945
876
435
444
290
49
269
24
273
857
488
23
248
893
639
755
875
604
261
395
377
981
632
322
469
578
312
639
101
510
796
622
307
960
414
127
67
728
992
693
244
689
38
394
522
159
510
89
827
715
310
876
809
462
181
975
864
226
989
277
864
607
375
857
788
20
775
959
812
468
233
244
337
228
557
668
519
121
775
35
31
343
370
718
678
856
941
834
280
673
302
909
89
580
359
764
590
721
719
533
799
806
418
974
15
433
283
853
943
323
457
17
712
471
143
1
311
211
497
340
662
583
916
576
81
564
853
455
495
135
221
111
338
765
59
929
935
209
2
789
233
868
740
603
211
492
416
565
238
832
360
611
538
795
734
383
184
328
888
795
407
973
337
951
477
930
666
839
265
331
809
612
103
348
737
650
995
437
978
922
721
279
506
521
556
558
508
569
942
591
425
326
120
355
668
211
234
141
377
646
365
216
345
362
231
916
255
692
415
515
239
344
833
671
536
852
484
991
303
901
170
866
118
809
240
275
357
349
896
261
560
512
179
224
560
839
34
444
263
714
406
270
382
471
310
385
513
374
210
623
958
517
422
456
785
989
801
898
628
420
718
178
973
580
770
50
952
979
431
363
959
917
793
725
367
544
928
53
661
70
741
621
625
384
984
922
402
288
185
35
249
80
461
805
306
905
859
335
97
551
616
130
633
483
752
240
3
865
198
634
437
140
206
330
537
70
649
80
175
116
129
899
765
48
621
78
710
65
446
590
113
617
979
225
109
278
579
353
641
339
602
40
384
463
85
966
932
670
177
305
706
559
488
581
336
646
966
956
498
779
259
504
130
147
650
383
529
917
226
5
945
935
890
512
814
905
210
384
669
954
367
230
522
459
8
343
360
25
463
424
141
55
306
404
428
635
27
132
575
159
460
247
588
219
783
546
663
545
837
385
841
449
685
510
616
335
247
321
87
169
585
722
575
277
483
491
989
947
246
257
14
54
170
68
89
129
504
893
332
911
37
104
394
52
169
58
371
922
958
829
540
663
541
649
896
349
341
141
415
241
949
566
847
793
900
335
48
359
783
866
380
747
539
390
47
257
292
114
99
942
941
816
823
385
577
493
361
391
249
369
82
815
206
426
769
88
778
318
538
279
82
496
296
245
887
194
368
625
566
869
345
562
420
876
585
352
373
336
225
435
231
831
212
796
667
926
332
563
820
465
14
16
67
912
263
350
281
109
934
316
702
843
276
630
434
9
785
876
883
279
833
266
895
361
271
840
178
713
856
826
393
561
940
602
208
194
625
916
41
439
400
555
918
813
756
746
449
87
160
406
25
452
528
114
504
428
338
738
556
692
518
701
218
102
861
597
177
981
422
552
838
823
735
932
932
43
345
190
975
925
292
684
761
239
46
660
140
843
502
884
656
791
725
692
672
687
864
161
920
937
855
11
466
77
913
336
201
892
764
762
181
211
543
519
249
816
587
569
305
428
162
197
536
729
278
823
480
325
349
590
580
751
587
99
67
890
760
792
685
441
660
639
123
274
817
856
386
614
976
719
320
39
566
501
290
482
672
262
493
199
492
940
572
135
674
770
442
894
412
851
544
793
377
515
440
850
864
470
107
625
268
904
161
245
202
149
215
51
99
930
142
598
86
403
817
288
869
958
974
824
779
200
745
613
420
535
894
850
446
432
550
330
447
434
155
22
175
91
879
228
911
961
514
754
394
3
203
971
619
281
937
361
87
593
690
285
756
524
131
523
402
952
353
465
121
303
984
449
596
416
50
292
389
404
818
770
296
60
353
736
764
874
185
521
871
381
817
520
514
592
152
60
117
765
661
861
899
718
214
782
658
972
535
84
740
596
846
390
217
799
165
86
377
552
231
263
212
212
999
286
212
461
309
62
54
743
586
535
13
335
302
687
95
976
112
932
636
248
278
768
124
970
501
389
384
813
171
955
269
870
916
41
372
905
610
0
453
822
512
366
925
561
752
697
957
10
291
722
606
591
914
229
530
927
730
966
716
904
757
838
978
202
215
798
137
78
646
987
867
538
22
419
725
718
260
991
836
188
857
369
945
539
905
208
793
620
956
929
458
521
325
792
587
123
746
600
348
187
131
311
158
491
742
853
964
109
105
455
402
756
562
735
573
755
60
78
283
835
19
949
92
576
98
640
657
678
931
508
308
48
663
899
969
881
262
317
891
254
153
545
337
28
893
317
106
814
235
554
447
418
31
419
97
197
654
775
291
212
859
77
177
532
195
320
553
740
911
483
376
122
458
662
169
378
844
794
321
46
710
290
278
587
303
522
810
192
687
836
674
669
658
417
884
889
798
549
640
932
521
46
526
663
125
614
968
320
141
175
457
690
885
350
311
389
420
3
29
122
13
800
996
57
423
664
444
886
666
203
109
690
659
495
834
742
914
312
584
661
785
723
915
738
975
671
162
936
934
558
252
225
570
283
300
521
756
212
641
507
341
537
544
772
167
573
262
743
704
613
480
809
976
959
22
398
853
597
760
171
669
978
135
958
413
844
167
499
991
474
883
880
257
752
914
75
547
49
697
731
960
244
129
4
418
194
802
791
280
879
40
408
185
543
493
762
949
915
727
264
969
892
507
654
964
384
426
560
648
714
651
216
803
342
546
86
86
997
439
555
61
374
18
790
9
791
374
523
707
570
419
457
498
466
312
691
598
144
672
17
982
153
637
696
167
683
827
191
389
264
46
11
199
649
558
758
942
815
218
811
103
54
227
13
658
148
258
768
953
920
717
840
332
438
558
881
181
218
380
359
544
842
430
927
509
377
997
118
752
970
625
944
905
722
215
3
496
985
466
413
171
473
240
484
988
432
246
933
20
3
158
158
965
372
559
56
462
406
518
279
943
629
196
692
0
868
224
29
798
977
287
603
750
667
929
540
204
791
998
458
518
271
888
989
572
821
634
364
347
455
154
713
59
195
387
38
398
428
174
826
386
989
697
528
72
614
321
362
741
429
501
818
89
894
914
154
791
110
710
269
108
420
639
956
844
322
116
181
689
211
759
426
285
69
137
62
874
992
958
973
327
511
139
284
806
151
589
950
12
718
307
633
809
303
863
681
777
994
233
235
890
200
757
997
254
592
206
596
779
660
235
389
498
768
456
344
93
731
576
346
132
382
642
306
866
813
954
854
379
148
281
831
600
21
487
235
327
423
968
433
997
112
85
298
221
414
461
6
494
426
851
836
551
630
322
583
46
537
118
813
602
48
429
49
541
935
582
204
270
985
112
863
390
20
222
916
202
457
321
190
136
739
703
286
637
13
419
975
542
160
877
188
670
213
844
417
552
848
217
568
821
959
557
621
175
162
205
59
951
698
133
496
572
510
195
622
30
572
934
212
594
317
295
981
78
420
86
911
592
608
880
519
218
280
615
659
920
255
371
911
645
657
688
812
939
756
471
606
337
674
258
237
98
814
746
791
756
236
875
259
974
167
603
921
973
445
63
376
81
125
598
720
732
181
170
938
723
901
988
133
671
176
15
906
302
27
152
746
670
254
164
870
898
884
731
630
800
206
835
926
697
540
616
31
699
374
995
890
68
8
745
627
880
957
453
363
341
813
976
109
989
90
296
366
683
759
919
175
914
570
30
140
234
372
161
290
700
598
204
901
704
550
518
879
548
922
53
664
704
364
531
210
921
615
312
588
235
737
135
610
802
338
205
531
970
436
47
243
693
234
68
417
13
870
932
747
763
766
454
313
0
47
136
976
641
261
410
825
344
866
124
593
385
333
850
897
842
652
172
464
71
229
251
104
428
489
385
918
349
210
457
566
954
639
423
167
295
182
720
347
691
833
941
378
391
636
612
183
602
117
904
899
498
781
882
536
341
798
360
216
401
694
556
128
649
555
872
607
65
87
602
876
540
271
954
55
748
654
67
85
657
567
761
786
909
578
480
579
192
366
110
762
448
753
946
917
284
84
972
488
104
483
38
578
43
915
612
774
655
980
488
212
537
377
505
735
442
869
261
7
541
401
741
738
58
412
976
766
714
226
290
67
300
824
478
375
703
678
370
289
745
301
74
458
888
868
744
185
735
926
370
814
603
982
596
233
535
718
928
28
612
548
171
966
45
430
993
329
146
111
532
719
227
794
953
97
175
927
324
639
165
44
646
207
948
134
635
95
382
976
9
269
538
330
37
338
466
342
656
26
114
407
643
712
507
427
182
919
54
923
479
971
612
8
321
609
494
752
595
541
681
817
123
203
172
958
858
472
429
855
930
497
240
934
397
52
193
191
976
166
229
791
680
580
460
929
628
662
282
141
755
153
406
594
103
61
314
757
914
486
68
827
975
222
508
163
197
51
239
103
15
756
827
716
16
538
293
640
885
685
471
708
475
813
342
451
939
754
115
930
795
798
952
903
344
129
485
510
824
925
723
898
140
131
562
914
814
445
966
301
647
982
879
342
892
999
9
555
554
948
616
314
639
958
224
685
587
666
397
265
304
954
70
177
118
874
264
616
250
965
608
23
159
841
600
35
989
257
126
98
97
986
209
160
358
584
926
869
115
657
586
354
44
946
369
260
413
321
886
855
276
435
11
782
63
462
691
650
526
266
223
298
578
892
406
354
478
355
440
871
797
214
749
649
156
149
745
722
418
24
267
606
693
181
775
739
926
30
24
228
808
233
490
392
236
210
839
728
537
86
816
433
435
361
702
359
137
35
297
467
915
983
833
22
308
668
467
150
548
711
591
984
218
736
928
647
472
932
259
683
382
123
372
22
524
107
613
867
26
517
623
888
923
646
894
590
9
960
161
990
586
354
504
238
916
182
505
349
613
962
771
99
942
713
164
892
952
674
305
502
872
265
61
401
847
677
116
975
997
418
895
796
695
255
762
488
142
579
156
42
683
492
368
191
920
864
754
92
72
967
419
160
337
89
449
445
793
492
49
17
479
0
982
359
156
231
718
100
449
231
859
63
98
858
391
120
564
720
668
925
395
107
19
680
327
323
364
485
792
651
597
659
279
500
702
496
711
240
76
850
164
578
556
540
507
148
307
149
738
489
708
951
129
732
985
311
362
209
349
544
572
466
554
21
230
77
839
47
34
996
428
459
928
588
928
320
949
131
699
487
547
747
408
60
875
860
853
404
736
281
222
599
254
698
526
864
11
954
680
107
188
658
718
215
692
133
159
812
392
325
38
446
174
366
505
90
696
794
743
24
291
909
533
722
653
89
547
588
310
653
714
101
702
833
545
117
720
614
401
447
269
163
613
281
348
587
310
977
352
213
430
570
178
828
339
704
49
65
999
768
664
597
469
940
799
883
558
270
52
29
78
682
171
830
368
120
643
944
33
610
996
855
507
619
398
70
896
129
347
32
851
85
616
738
441
25
95
847
829
721
345
515
349
996
850
189
367
732
877
110
456
973
475
831
222
155
422
267
500
143
914
80
726
931
790
932
862
83
903
213
550
391
726
201
111
358
523
855
26
61
946
54
28
1
565
541
943
801
106
651
647
71
278
48
370
33
658
795
236
99
462
221
729
839
171
885
764
296
797
590
112
922
592
110
773
726
970
761
390
54
546
54
640
108
432
455
341
527
397
79
34
848
940
23
30
34
737
665
908
361
744
441
50
540
33
144
147
366
555
323
634
121
455
836
680
932
759
807
392
494
334
600
233
59
433
755
236
120
487
467
183
129
597
599
616
547
869
691
110
766
415
667
404
547
784
493
311
479
571
55
323
118
806
6
777
92
734
305
716
576
565
821
964
666
283
778
170
214
706
814
357
193
39
289
12
283
102
585
973
246
413
831
358
758
691
81
882
722
794
937
262
594
660
86
364
593
890
601
496
453
466
179
625
773
841
597
658
226
751
272
682
216
451
55
769
647
951
369
732
590
262
203
714
471
770
222
695
561
970
444
961
585
380
513
314
586
936
216
126
376
854
547
885
167
551
23
787
425
858
783
782
55
176
568
335
679
442
485
845
472
932
595
286
338
993
912
400
41
593
216
623
372
144
232
72
896
273
319
925
139
459
601
689
502
578
246
975
330
297
266
366
254
719
95
616
79
624
304
523
802
14
654
175
798
367
985
929
230
568
671
119
477
882
401
149
106
364
598
368
174
737
255
617
860
364
430
372
817
441
449
130
252
630
803
692
111
346
292
649
246
620
559
121
768
31
357
826
300
892
41
603
374
473
740
392
266
361
537
941
199
620
171
102
408
497
381
207
175
681
11
927
587
5
144
875
284
891
479
120
76
220
365
888
728
530
607
753
7
136
104
522
818
186
662
127
701
600
790
103
957
52
292
965
611
996
104
372
632
988
605
166
681
796
116
550
444
242
809
501
339
577
732
434
602
170
178
325
660
154
717
654
906
452
121
161
6
24
496
493
597
165
177
374
83
530
53
39
140
491
898
939
312
426
3
350
190
221
575
88
300
231
225
482
38
649
385
188
717
217
665
6
370
803
698
118
347
496
615
153
301
933
490
877
996
429
719
366
558
457
774
311
430
903
900
100
80
489
964
222
176
632
633
31
784
600
808
47
793
693
996
349
826
839
338
553
487
722
126
394
627
152
829
92
346
867
5
836
864
366
410
639
142
20
106
40
542
563
907
240
997
50
299
899
16
489
720
17
442
367
690
234
957
50
326
565
671
50
556
442
399
447
35
855
96
525
307
624
61
245
299
819
557
958
380
731
50
475
286
282
700
894
322
37
747
973
447
67
517
5
945
22
565
285
55
485
613
988
371
33
861
741
816
406
100
433
775
124
814
470
514
335
966
455
685
76
838
595
746
206
22
515
388
31
417
134
214
418
454
944
188
97
333
227
194
594
808
723
772
712
764
921
718
199
432
432
357
279
246
828
837
325
111
524
709
47
652
637
392
278
706
89
325
1
582
423
929
943
585
469
339
781
301
588
809
97
777
371
897
390
858
430
402
506
203
368
252
764
605
439
765
425
250
815
798
352
815
826
653
53
129
6
892
204
233
543
226
527
546
743
81
273
202
939
488
331
272
616
577
766
253
270
341
955
918
443
143
808
417
547
599
724
693
367
368
973
471
403
83
951
698
181
901
447
751
970
743
353
318
763
157
223
748
169
33
467
405
684
40
679
643
938
525
563
487
206
77
967
872
95
787
338
290
548
261
18
81
684
575
628
830
930
214
958
113
184
743
299
592
251
689
399
158
968
560
75
815
950
852
420
163
628
810
391
634
332
353
976
943
784
832
483
624
235
421
610
548
980
49
289
686
943
434
518
33
612
433
340
701
340
974
914
713
249
992
88
65
485
513
666
962
286
354
680
699
192
667
708
895
460
285
245
920
96
907
172
982
158
934
638
960
658
705
690
834
54
237
603
175
120
62
319
705
286
885
17
688
241
54
436
95
912
925
17
13
134
653
387
122
207
457
985
968
39
455
572
941
219
49
385
350
812
70
985
77
657
465
799
174
748
368
562
575
97
271
116
246
714
430
73
447
438
457
436
286
851
918
271
858
161
532
850
227
761
986
134
926
46
734
994
534
547
144
437
324
390
693
861
922
419
448
728
893
539
758
481
106
86
704
853
586
911
319
918
9
400
315
591
971
486
164
914
167
861
597
839
49
175
390
309
67
457
665
734
499
511
247
646
803
969
636
500
461
510
712
12
381
552
935
532
876
248
596
534
498
843
929
894
556
452
698
716
798
805
491
828
714
969
646
428
850
348
290
285
298
844
544
526
826
737
480
21
642
684
628
103
743
108
19
315
829
694
481
146
957
294
244
633
162
1
274
58
902
69
386
96
482
43
480
354
78
172
797
706
981
690
533
374
837
432
499
238
725
757
971
327
176
220
534
359
338
543
283
42
248
374
395
245
877
619
782
665
897
232
949
890
172
475
112
65
45
752
681
614
44
503
464
794
878
808
880
868
378
844
425
82
591
662
775
395
913
90
84
291
604
453
682
462
976
558
764
400
886
466
861
53
921
110
856
284
744
441
249
609
363
927
748
923
500
30
126
563
969
290
544
407
239
604
723
966
257
235
488
109
137
905
15
745
437
65
643
805
942
967
131
918
709
129
668
741
263
268
334
118
595
595
692
855
401
843
248
530
286
650
118
886
133
18
335
3
312
400
153
333
735
394
925
251
775
865
434
288
959
331
664
82
144
459
655
977
715
261
649
402
975
956
317
932
699
527
533
795
672
228
242
348
107
891
247
648
330
327
124
980
693
632
436
599
983
116
857
158
292
871
302
717
413
153
812
951
450
7
697
904
752
204
439
601
835
321
929
572
478
19
651
504
824
445
346
631
49
877
322
214
573
923
495
965
560
15
701
615
259
498
668
540
726
993
566
509
719
13
787
304
33
758
528
285
505
809
843
560
221
367
210
233
718
752
268
984
783
864
911
100
558
969
500
957
411
409
513
296
814
918
317
12
686
671
329
19
911
620
357
587
484
217
673
806
678
231
109
271
91
635
434
317
498
315
467
836
494
206
534
690
737
452
232
216
763
662
0
602
475
7
466
337
997
907
303
494
965
550
722
905
899
737
630
452
560
592
519
441
608
55
487
83
591
959
226
92
769
716
779
202
421
257
264
247
97
461
684
361
812
671
28
88
264
192
156
887
711
553
594
692
488
101
986
675
273
176
676
631
79
360
508
722
228
586
529
648
688
448
536
439
243
946
857
674
650
802
802
279
712
645
74
324
47
335
89
169
935
838
175
482
710
666
394
36
936
371
788
754
921
747
411
568
73
653
330
568
928
447
889
251
578
476
329
731
68
757
611
934
520
537
65
413
389
554
709
286
307
451
712
599
517
550
694
484
375
2
712
866
842
14
873
701
118
583
174
887
280
752
736
914
996
98
836
8
645
953
20
353
658
594
727
869
139
594
367
498
477
665
18
712
545
239
275
491
628
197
105
425
283
943
480
485
589
736
494
275
253
102
33
853
568
728
472
141
324
158
711
891
266
168
711
674
829
402
677
990
499
710
906
329
780
498
923
62
312
899
729
805
558
322
283
137
403
710
803
38
783
371
375
143
886
809
473
671
429
96
569
534
308
442
969
702
723
969
745
31
208
892
444
80
616
708
138
62
555
91
488
610
333
367
837
542
506
507
431
208
418
920
197
499
958
410
742
466
866
613
762
510
803
18
759
930
818
668
263
221
905
584
583
255
502
596
411
576
550
111
696
445
812
858
179
460
378
557
585
499
902
69
782
356
185
205
241
308
269
690
224
708
893
132
520
726
153
585
8
236
769
700
62
126
498
366
730
499
751
756
306
730
706
754
749
697
467
613
444
53
408
39
886
587
214
767
251
431
94
407
835
483
100
442
304
419
540
517
361
198
286
806
233
975
484
626
976
397
17
27
599
591
388
58
945
196
356
289
176
594
775
909
238
85
110
42
646
539
107
927
490
878
214
435
70
170
388
959
301
519
994
462
690
464
696
332
698
837
297
891
144
95
745
787
624
242
784
58
528
360
543
218
292
595
328
299
578
370
443
337
933
936
46
327
613
874
533
595
503
88
571
924
985
165
271
282
697
890
970
517
606
872
599
400
311
141
604
215
659
984
849
655
145
720
383
493
17
835
434
825
858
955
970
204
213
157
719
408
833
4
235
832
753
420
668
952
459
811
649
998
435
541
677
584
807
679
234
456
996
787
881
310
785
22
311
708
90
543
633
32
936
530
171
653
519
467
781
203
176
638
24
552
8
222
176
111
161
893
322
712
95
220
223
648
446
539
201
107
794
147
430
23
742
914
931
19
209
599
147
559
502
926
80
14
700
262
697
65
206
409
925
382
842
44
990
753
527
25
737
1
483
681
702
335
587
37
387
898
576
518
310
439
614
411
194
215
509
316
537
520
845
549
811
49
446
525
582
80
854
39
807
383
303
208
912
999
408
123
506
723
50
281
525
800
214
637
533
611
421
391
863
396
48
63
77
689
97
277
38
398
82
38
322
476
309
681
468
287
435
59
209
85
817
600
920
988
375
579
986
890
635
848
20
155
846
280
539
511
205
805
343
786
163
822
987
664
76
637
348
88
805
6
207
968
739
3
800
50
234
255
537
133
31
167
456
575
639
192
804
114
857
964
585
100
185
87
993
492
94
265
774
833
415
861
773
125
666
674
805
186
525
879
889
116
241
484
562
439
659
598
505
794
892
964
27
277
532
104
325
198
66
576
770
962
295
254
667
395
661
380
286
301
818
476
539
309
809
983
603
916
434
732
297
240
600
435
805
563
956
579
991
489
448
1
841
764
543
321
440
82
699
546
700
450
279
734
238
346
31
39
250
412
396
96
629
139
948
58
464
217
505
486
254
922
608
555
594
838
854
936
133
954
46
180
447
161
374
612
67
18
419
77
816
186
505
699
436
803
656
937
492
108
131
306
706
291
898
607
279
560
987
241
113
172
109
178
30
579
701
343
289
581
397
945
252
731
89
285
447
240
123
760
944
118
778
718
892
547
887
717
85
387
304
46
237
824
280
788
361
390
158
128
33
220
909
307
455
697
541
565
414
619
735
335
589
974
63
908
916
106
589
957
310
782
764
733
384
692
935
145
297
293
8
133
146
46
811
19
656
203
851
757
344
339
323
357
298
644
896
98
673
9
237
358
426
825
391
655
459
490
362
971
262
829
579
567
270
564
944
448
32
217
844
347
574
193
936
107
888
713
254
714
12
527
512
234
544
372
809
363
157
89
369
640
159
856
799
837
298
740
362
924
399
484
177
24
623
900
836
521
279
308
18
146
412
324
76
855
417
592
706
451
199
57
908
881
229
5
892
625
152
240
570
357
212
59
104
748
876
340
968
119
334
565
826
595
770
993
810
310
205
660
138
245
25
659
452
5
887
221
986
345
80
120
289
12
568
846
715
447
436
393
796
541
254
5
456
692
310
357
275
39
707
137
225
42
170
550
151
750
190
758
505
382
513
898
454
272
970
990
161
320
200
564
929
82
718
619
747
111
47
96
246
369
131
590
919
642
659
851
142
434
370
187
705
160
748
488
448
179
331
482
193
769
320
284
725
855
975
15
370
722
718
123
250
750
327
899
540
117
539
608
242
498
530
849
675
534
265
498
641
587
435
858
165
464
739
681
762
860
216
578
367
670
618
277
961
516
548
488
937
970
115
495
481
502
414
170
869
402
407
230
80
10
9
430
260
582
657
812
294
217
42
2
841
67
68
790
570
820
692
94
860
515
18
184
877
126
175
885
40
626
702
918
797
542
653
359
726
499
67
660
331
934
156
530
960
297
643
127
717
470
63
532
358
262
601
505
660
402
373
506
77
575
775
185
271
167
72
580
179
630
985
905
791
602
207
711
28
711
712
375
722
626
605
394
312
460
8
452
976
17
975
626
394
121
738
120
200
759
450
878
763
361
450
620
580
935
947
179
877
399
130
86
889
567
669
817
200
629
406
712
488
476
54
612
777
336
494
506
495
236
74
508
294
810
223
571
585
763
71
573
475
487
314
508
738
695
479
784
336
24
988
134
772
939
626
680
609
332
436
751
285
712
641
110
348
834
928
761
606
807
148
382
86
304
704
514
237
528
204
287
631
871
969
797
388
150
578
55
569
420
515
495
376
649
718
100
637
329
908
507
963
370
385
100
111
146
995
439
338
939
348
399
293
664
358
637
112
277
974
40
707
185
708
771
329
559
818
207
170
622
763
435
888
182
935
73
476
116
908
84
673
688
126
735
433
868
882
822
168
535
751
251
134
715
479
74
152
684
557
166
321
315
422
488
597
249
285
189
246
520
418
103
91
886
627
991
925
451
830
681
764
798
485
80
330
530
83
292
534
543
494
97
299
742
533
611
986
773
100
878
14
164
598
386
422
535
810
639
776
885
49
469
20
288
927
0
839
958
336
778
145
311
61
129
609
744
303
138
239
536
987
118
42
593
703
981
947
449
580
232
290
377
572
907
344
886
238
26
269
294
7
811
642
517
563
165
657
897
197
872
148
210
355
733
588
855
550
862
395
869
481
329
675
337
295
338
520
519
681
255
364
803
960
63
362
577
16
493
381
745
702
770
793
53
860
785
42
965
515
471
476
387
160
339
899
747
65
570
85
309
697
22
396
790
778
671
856
491
539
642
84
871
99
722
935
207
493
724
398
213
925
872
352
946
977
212
67
488
291
571
557
422
366
47
773
756
838
466
659
914
893
451
133
61
924
543
548
706
655
470
711
853
436
359
630
612
629
215
577
15
172
774
137
451
175
58
735
712
308
136
221
88
782
608
266
369
736
977
826
628
921
557
332
646
961
854
902
335
524
385
198
986
629
770
474
572
20
328
819
169
75
138
741
371
13
42
746
52
352
465
407
14
740
67
55
88
436
508
975
420
173
612
299
791
141
543
967
81
670
976
927
374
123
551
634
548
570
296
741
405
915
374
149
719
968
855
895
947
821
634
107
523
729
791
774
95
981
846
695
162
301
898
565
80
925
383
230
915
310
922
483
462
289
232
890
953
100
858
772
190
330
471
233
188
55
666
656
530
373
518
956
582
496
303
763
239
441
642
144
495
265
320
500
685
364
496
384
810
40
555
902
291
742
419
809
78
584
758
42
464
404
631
261
766
480
942
691
843
958
657
368
594
106
899
688
884
354
84
902
275
101
738
405
456
87
110
203
210
692
898
627
305
346
417
105
722
117
647
347
851
21
523
414
170
146
146
311
761
195
311
860
148
467
743
394
934
653
33
535
721
162
230
938
124
337
37
130
578
678
259
565
729
429
729
243
72
336
862
161
829
848
950
962
653
497
219
115
405
522
443
837
633
883
442
569
803
694
114
263
118
611
233
240
675
543
690
493
732
573
389
399
799
601
939
56
830
424
125
185
820
27
453
662
554
454
767
479
956
836
665
112
709
701
33
868
858
443
518
325
933
89
617
247
657
693
373
974
142
887
733
748
869
834
637
472
982
812
285
692
399
665
401
965
73
444
203
545
254
304
253
811
885
827
514
298
353
692
813
532
102
935
324
549
974
791
734
716
531
300
82
832
990
109
194
862
584
439
832
199
502
254
96
240
610
300
590
977
112
656
745
226
414
24
25
930
296
842
173
59
171
975
328
355
784
121
612
292
203
463
551
822
52
982
942
650
21
267
903
234
358
430
51
536
62
713
508
69
35
186
84
75
756
460
734
781
108
445
920
957
777
163
305
6
782
432
615
227
150
56
53
695
787
121
843
855
990
275
758
741
823
279
986
398
726
556
93
998
27
80
773
10
508
364
117
943
613
107
868
905
381
173
486
511
598
391
624
629
957
317
534
17
331
370
95
266
179
239
435
726
341
51
291
588
482
762
787
121
201
0
148
606
986
760
428
433
960
160
594
915
76
623
444
339
664
195
555
441
561
588
178
517
354
405
755
737
140
228
427
164
170
127
527
161
356
905
415
47
778
837
113
290
115
387
873
978
734
585
207
898
906
628
746
220
105
983
140
27
42
274
462
761
647
295
78
386
700
265
757
304
458
390
6
8
194
439
516
38
421
325
51
293
436
254
873
585
604
112
814
472
868
285
91
662
498
568
263
544
418
976
384
684
680
578
256
847
785
19
845
455
573
990
13
498
656
3
609
661
129
913
378
2
418
589
362
988
857
803
245
653
958
277
463
571
790
114
775
958
15
472
948
997
542
949
719
369
261
818
546
97
465
298
55
832
75
617
100
924
61
112
341
872
191
280
11
109
474
573
635
780
830
854
690
800
719
593
952
210
765
820
354
836
596
666
69
553
648
210
672
20
485
630
801
649
575
579
818
346
86
252
141
899
828
324
942
296
161
803
961
5
566
465
715
493
777
977
269
47
529
152
62
126
939
286
336
808
452
331
759
626
480
702
989
418
730
218
961
517
964
787
384
258
185
920
925
910
2
680
430
105
462
330
727
689
269
263
51
462
751
875
247
661
552
804
801
121
71
514
241
327
728
704
792
153
262
457
518
366
765
15
792
271
847
272
738
757
293
538
744
401
288
489
12
692
864
158
131
240
581
58
128
190
252
579
982
322
21
294
880
668
763
14
755
233
667
683
175
441
97
575
145
866
767
21
557
861
319
923
762
991
34
874
510
403
610
619
612
381
110
748
706
458
732
195
648
967
564
907
734
223
969
397
678
545
475
264
466
609
948
284
567
806
864
395
50
92
840
361
569
163
992
782
701
743
143
105
726
361
992
927
584
878
471
284
925
415
589
418
636
977
360
680
184
565
621
156
260
451
255
364
669
410
788
834
416
363
670
846
942
519
64
904
44
550
897
542
400
58
870
554
738
835
131
808
111
364
441
406
428
806
903
677
889
620
434
376
179
454
23
11
174
530
243
101
907
447
281
496
543
116
499
153
524
121
572
691
844
748
118
497
387
15
800
140
132
271
58
897
398
288
651
751
697
928
347
727
44
378
389
269
720
603
479
102
59
906
501
74
502
475
562
188
583
837
465
616
998
757
68
917
26
202
202
938
780
698
614
94
407
213
262
466
533
57
697
162
414
557
932
493
669
291
735
880
939
791
691
761
248
453
63
971
558
594
364
6
553
809
333
689
724
961
907
490
670
461
160
36
277
44
691
43
89
618
555
380
756
535
703
489
337
182
228
395
803
1
793
176
607
675
680
408
804
158
70
763
585
478
229
533
344
166
799
772
435
866
991
905
812
556
530
965
417
754
868
471
879
256
416
395
230
162
255
20
462
709
997
501
592
294
920
637
624
555
787
289
74
889
666
543
498
406
639
152
264
656
636
884
220
789
594
165
103
116
170
469
130
348
441
177
234
4
65
203
436
443
918
762
534
761
558
325
519
237
533
800
887
128
847
197
266
866
495
14
600
603
496
570
481
645
122
751
216
920
384
264
949
126
191
78
807
1
993
619
818
801
451
149
221
322
628
376
71
581
255
959
564
598
890
780
570
998
264
510
169
338
716
491
34
500
647
918
278
344
724
506
955
146
834
232
827
910
530
797
469
400
210
112
456
365
592
267
925
409
827
999
421
234
790
197
715
61
990
218
27
512
783
402
266
456
162
105
32
708
922
477
604
313
271
536
438
312
34
766
691
941
42
785
692
336
918
333
24
369
964
473
292
672
162
434
400
211
115
79
252
284
828
72
626
682
15
88
133
599
928
957
19
257
574
693
167
285
764
796
306
585
585
435
547
672
133
835
316
492
181
26
903
423
624
645
841
234
290
415
558
66
177
929
909
623
895
107
957
239
184
817
216
163
764
113
887
880
159
244
518
209
511
308
794
587
37
669
256
225
216
422
656
769
271
106
137
598
677
130
334
503
81
573
186
464
527
75
873
576
289
942
823
643
298
75
660
225
917
255
496
511
113
37
835
516
280
159
792
878
96
427
35
134
481
112
497
145
24
376
455
256
155
153
822
603
470
735
469
2
534
156
960
84
804
747
895
27
237
561
274
455
831
453
419
170
62
657
204
692
752
865
819
401
581
436
955
264
691
489
278
28
673
764
896
464
851
992
333
238
685
495
525
921
531
152
311
29
857
73
675
195
102
646
541
937
439
296
207
401
361
560
910
865
846
414
24
3
84
542
340
838
594
18
35
700
348
494
997
181
249
327
591
805
44
613
124
9
256
108
105
856
383
429
581
823
613
778
217
957
304
186
268
425
50
826
139
817
170
469
623
12
744
100
175
41
744
457
536
210
681
656
721
300
631
136
668
128
653
241
586
342
46
207
630
584
494
558
949
126
157
397
332
121
500
943
195
257
875
584
369
114
178
134
440
772
783
672
242
755
535
291
323
543
352
210
937
116
486
190
354
548
437
783
125
323
727
817
268
100
77
963
216
979
403
604
725
610
416
126
839
360
715
55
397
542
996
990
21
268
706
643
89
604
105
458
769
884
287
786
249
586
494
585
291
43
828
74
816
749
913
73
388
582
697
374
623
389
260
969
19
271
186
709
202
412
66
280
888
51
700
625
378
331
310
467
277
764
44
889
33
725
164
882
975
511
177
656
593
730
158
755
386
271
845
355
982
925
120
126
803
520
536
215
367
15
372
112
243
45
301
337
705
906
719
177
691
682
434
20
444
279
442
53
346
163
724
190
100
160
179
366
296
435
249
843
545
918
569
353
959
470
661
113
775
724
475
605
709
383
102
690
927
114
602
519
980
58
447
926
236
964
282
928
545
924
185
742
15
616
525
741
656
910
77
249
428
979
224
606
975
583
699
67
498
613
396
368
599
750
294
985
383
320
279
996
422
331
806
711
194
53
368
389
959
383
389
259
463
536
334
877
56
464
866
959
534
287
554
377
907
14
129
434
844
510
520
776
726
913
161
495
40
542
658
201
419
888
788
757
456
89
837
138
984
659
595
277
114
176
538
273
72
74
471
671
235
645
22
271
185
212
185
246
595
153
530
264
516
641
51
231
527
935
572
132
416
552
997
110
166
223
85
345
191
138
426
809
181
437
145
735
223
917
168
987
675
631
322
66
962
306
379
114
877
203
348
396
7
440
74
953
699
134
898
905
751
94
216
599
688
198
144
449
889
933
52
918
174
481
336
745
326
532
554
477
481
619
941
721
37
601
408
943
727
516
419
56
705
47
954
434
239
536
853
716
998
682
366
112
534
573
917
66
407
645
480
801
395
209
399
156
19
533
472
855
117
273
590
854
163
83
103
577
927
427
534
632
454
502
990
49
739
381
376
752
166
190
951
902
452
363
274
77
88
178
626
874
970
910
860
988
935
739
481
237
626
679
724
783
162
175
460
616
83
440
531
545
721
463
574
75
99
75
549
579
844
466
45
56
776
761
413
562
757
0
326
725
519
932
695
543
185
239
431
342
176
117
396
517
426
905
148
721
256
864
786
783
816
3
563
168
30
227
401
775
291
832
159
67
334
659
455
80
979
909
609
627
169
150
564
229
257
242
522
647
459
922
207
136
691
615
594
315
540
844
479
84
595
653
460
84
880
162
515
51
233
384
656
582
295
338
523
497
884
580
200
70
253
432
845
807
853
877
979
776
659
213
345
433
493
325
757
618
740
578
356
672
794
546
53
423
793
313
569
696
445
77
37
78
797
484
163
755
383
509
606
472
818
228
357
93
127
698
466
309
578
180
731
646
670
794
400
7
751
771
966
459
236
503
779
166
260
461
667
197
984
751
787
962
993
691
916
56
411
835
890
740
603
998
358
469
333
904
648
366
34
312
481
441
175
913
984
774
353
115
59
676
128
523
417
983
473
928
158
411
649
479
150
904
798
970
229
431
648
940
175
403
584
64
619
555
720
43
405
911
636
31
85
689
607
961
514
143
553
637
954
430
839
360
326
897
763
559
538
537
710
646
171
199
891
755
620
272
414
613
610
529
445
87
454
60
750
417
748
225
145
344
914
712
375
653
242
757
339
596
515
126
240
446
949
473
987
713
460
553
266
254
287
755
429
532
849
332
740
459
840
118
706
411
148
650
112
518
450
167
981
747
593
20
420
284
709
354
447
331
387
918
979
120
244
822
779
982
989
146
458
335
165
653
467
29
505
587
835
795
549
677
385
275
476
603
596
785
2
306
463
599
616
374
417
274
944
601
768
814
561
861
246
46
757
534
972
222
105
964
255
308
797
16
864
740
836
980
576
19
270
40
699
343
100
490
604
533
900
909
210
538
223
94
842
38
926
643
845
614
732
708
244
329
32
783
504
838
617
583
791
812
303
836
436
217
296
553
797
159
48
666
467
500
669
556
910
440
178
194
719
429
513
773
138
346
983
523
172
793
730
99
137
130
246
152
729
479
161
180
643
329
908
735
443
874
795
680
344
901
831
883
609
419
473
132
666
64
497
115
345
733
825
705
974
998
899
617
714
447
394
242
719
507
888
84
888
670
771
922
898
212
629
511
236
240
213
555
251
633
776
384
513
314
52
904
751
49
878
970
536
811
658
868
63
838
515
859
564
494
500
761
788
684
134
518
703
844
762
66
13
422
906
561
243
792
836
921
682
202
455
352
186
554
888
210
341
144
902
73
310
252
621
237
692
311
792
519
890
16
659
944
233
784
328
215
647
791
32
307
146
288
21
86
968
27
757
979
449
3
817
457
279
983
511
879
148
532
405
3
221
906
479
798
886
749
834
394
614
232
538
103
140
661
553
130
426
648
905
375
673
205
612
537
166
791
50
7
691
538
659
865
433
731
461
187
340
799
640
713
415
401
216
141
898
48
683
548
489
200
244
391
535
688
295
321
443
844
854
429
482
203
595
178
573
540
886
768
196
932
242
501
27
884
435
508
347
465
627
118
324
995
653
507
643
442
457
690
431
446
42
511
912
382
908
117
1
979
538
149
445
294
95
957
808
631
299
548
40
608
256
717
948
249
54
299
139
605
580
396
760
197
703
648
765
843
344
35
622
762
401
33
7
548
704
690
896
196
416
703
992
621
492
403
688
474
797
525
25
296
726
902
305
529
430
718
521
642
301
924
883
967
499
613
35
38
461
179
738
657
362
594
147
864
445
104
112
782
739
44
764
851
616
240
551
10
317
929
821
211
68
415
544
740
287
568
535
788
646
81
791
0
984
176
377
449
812
924
404
350
776
198
981
286
322
156
532
736
196
979
0
503
749
316
678
56
798
907
750
110
891
692
662
736
331
423
483
400
409
838
293
952
236
123
995
369
803
31
55
404
637
817
91
684
872
308
899
491
960
893
77
460
411
947
895
745
259
567
424
958
172
998
50
965
486
444
286
548
68
356
8
76
942
958
516
67
549
479
138
220
509
47
846
278
616
959
955
506
56
865
393
345
388
197
491
598
95
113
798
255
86
793
592
881
921
935
165
20
243
557
400
949
149
448
312
988
960
943
9
797
514
597
436
234
234
331
513
353
903
33
868
370
871
950
782
12
884
775
86
288
75
676
935
285
88
433
428
926
556
60
609
993
928
66
603
514
239
775
555
640
486
973
527
221
95
4
634
27
112
292
254
365
749
383
606
900
37
826
72
180
867
341
315
71
99
369
334
519
817
242
601
393
156
885
736
888
16
75
981
320
388
94
340
197
625
92
54
763
141
778
518
519
711
227
0
837
563
89
995
571
968
619
948
150
961
47
381
132
545
922
502
114
234
278
179
479
879
395
229
976
120
930
270
461
558
797
847
164
56
603
652
669
350
667
971
814
220
766
48
159
177
714
653
696
904
500
296
282
342
758
397
708
358
481
990
207
465
540
120
60
122
78
296
796
969
321
54
584
454
832
481
163
297
258
435
724
927
671
381
736
200
818
598
727
46
352
504
406
376
816
324
293
504
939
80
154
418
926
662
30
455
830
350
550
409
3
926
917
799
960
354
112
755
322
951
634
578
22
100
457
355
696
578
536
452
866
619
390
945
930
570
247
519
135
25
178
600
805
753
363
520
94
221
666
431
491
888
323
616
996
688
439
282
821
779
523
180
98
921
832
686
956
98
3
373
612
34
117
616
159
81
678
57
58
760
870
774
352
617
596
25
802
950
418
228
774
133
824
713
364
691
96
57
36
110
594
323
684
367
889
551
737
160
382
884
323
138
644
679
407
427
547
941
455
653
137
82
548
162
837
739
183
327
942
201
844
319
148
335
32
410
997
854
84
781
523
743
226
684
892
929
496
381
106
3
300
566
323
620
6
162
796
985
100
392
114
543
689
908
161
418
591
242
393
861
616
513
517
579
519
956
198
661
404
159
800
53
400
80
154
738
189
507
532
917
682
603
572
931
526
214
194
548
90
104
477
28
228
770
613
608
281
140
362
131
787
913
220
737
379
819
789
684
473
119
709
733
754
682
492
29
249
579
405
740
49
467
633
163
385
514
889
13
153
884
936
947
476
412
96
368
887
32
68
825
481
997
822
370
699
436
731
157
90
125
787
676
475
427
693
961
726
481
258
484
726
995
385
140
408
199
451
298
826
197
815
651
638
918
969
500
622
441
127
986
458
820
397
74
169
544
705
935
300
253
233
211
385
745
387
24
694
131
141
614
124
189
302
536
79
201
309
66
723
362
737
78
705
174
657
159
954
771
933
789
563
192
156
123
841
798
375
101
623
375
622
910
734
341
18
441
581
14
602
982
153
398
66
575
982
245
825
123
911
291
321
275
842
202
669
116
991
515
694
228
819
643
182
976
400
383
665
213
23
301
440
662
857
69
600
510
690
401
219
662
679
913
334
569
873
265
314
589
595
415
670
77
617
191
709
645
121
506
396
54
998
551
247
259
338
896
741
267
564
88
993
439
619
443
346
430
802
679
933
216
596
250
81
512
689
124
155
717
922
294
348
282
201
331
48
661
357
326
640
117
749
764
434
624
418
779
950
739
642
748
197
635
802
629
454
212
652
321
305
728
850
796
335
106
505
522
929
260
393
967
432
685
332
196
357
423
21
585
723
496
588
390
377
223
743
159
228
746
762
439
309
486
746
987
391
86
886
242
579
183
791
588
631
484
970
1
716
709
860
379
919
821
470
303
579
92
200
72
829
266
914
980
152
230
937
235
298
902
31
765
519
295
615
188
804
840
31
802
990
394
694
683
780
954
528
958
506
626
520
832
896
116
413
226
347
777
544
141
754
586
733
603
867
733
184
391
895
273
522
71
795
357
772
409
761
486
875
676
158
944
837
528
981
920
435
305
76
607
479
696
438
289
423
578
809
830
147
285
904
353
324
521
811
520
365
859
997
899
31
320
903
368
239
711
692
725
98
119
285
8
141
588
477
820
246
60
127
965
871
655
439
302
492
478
318
233
538
107
378
791
691
298
709
24
911
862
245
165
397
582
52
700
490
433
985
571
913
33
439
177
53
908
396
466
955
816
892
121
379
312
471
347
423
330
841
241
525
388
376
526
194
758
523
442
744
8
753
286
81
951
192
849
108
917
583
771
48
415
14
544
231
635
60
639
437
681
929
83
776
625
37
449
298
949
673
963
604
553
557
597
46
888
665
30
245
248
328
802
284
538
690
597
694
395
145
626
114
926
670
885
384
69
861
390
156
5
846
495
873
466
621
23
511
691
508
40
463
632
336
726
46
921
529
650
465
72
710
85
481
953
360
953
863
681
462
764
89
621
682
238
301
77
153
902
821
521
896
703
787
954
365
601
359
916
508
37
424
74
883
217
432
963
360
93
979
812
137
269
592
38
421
664
736
641
273
992
959
81
909
43
961
568
552
601
655
884
129
63
546
274
80
804
39
931
164
850
756
46
703
23
34
271
671
212
979
878
389
638
550
155
155
123
824
985
554
255
773
800
266
840
528
935
629
750
783
145
798
272
547
592
118
499
726
184
800
596
390
365
286
535
161
303
610
977
937
413
937
211
962
880
157
144
857
554
843
81
248
974
653
142
423
889
328
289
317
649
80
494
120
445
266
37
465
934
314
371
419
221
791
237
573
421
572
558
582
481
480
940
729
561
952
982
249
233
27
800
399
387
615
323
41
319
82
78
773
695
675
345
647
472
882
988
135
798
646
636
703
302
286
822
91
130
521
46
913
689
57
402
203
893
805
770
355
417
167
483
110
83
166
909
252
390
660
938
352
395
346
896
315
761
915
880
445
682
711
863
326
944
777
277
602
976
418
493
980
565
703
964
836
136
89
806
427
895
324
749
31
444
474
131
234
296
777
850
704
296
778
161
193
382
459
194
875
754
287
650
164
283
324
281
486
976
581
283
852
836
290
366
388
954
893
869
70
277
494
587
491
596
42
708
705
547
126
113
943
125
842
370
412
785
108
386
237
731
147
325
766
756
654
157
816
476
371
373
220
231
372
69
303
750
887
704
847
448
716
810
365
601
117
821
715
449
353
46
672
607
353
420
666
824
496
609
811
411
436
181
343
615
698
158
44
239
65
924
627
253
452
180
878
700
206
603
627
810
570
918
248
126
601
560
535
207
344
796
812
702
984
259
580
348
207
535
257
622
624
41
308
56
934
9
90
488
39
356
721
637
255
778
364
352
354
936
454
697
174
444
132
533
743
616
174
510
853
304
663
236
748
535
482
883
515
431
784
108
911
455
63
321
816
522
525
891
979
14
454
318
482
98
490
8
810
996
851
574
803
153
317
959
685
622
926
453
761
703
848
249
645
246
813
486
645
630
411
433
374
224
896
951
140
726
479
168
807
110
827
779
441
890
756
521
979
485
280
646
457
968
348
678
971
343
315
380
118
5
573
209
34
39
395
243
308
879
635
436
727
944
648
453
599
210
619
658
847
814
903
39
67
188
521
939
912
562
239
484
291
369
508
996
287
131
57
699
59
463
365
780
395
216
879
156
557
162
419
953
495
799
180
135
40
977
714
121
324
761
284
669
436
328
47
649
829
443
79
285
679
804
717
177
1
383
810
609
579
914
612
998
805
601
55
598
270
841
677
158
663
763
632
272
41
379
503
32
884
353
615
899
210
279
148
218
499
869
289
995
146
218
293
465
647
884
190
789
407
98
570
997
985
359
795
20
42
833
987
857
812
811
609
365
834
688
290
271
743
138
188
354
416
18
198
107
335
48
580
227
473
956
962
427
642
918
239
337
128
660
92
381
37
434
332
201
257
415
879
481
887
853
402
495
302
537
705
682
940
764
703
432
550
745
293
250
122
936
289
111
665
946
281
171
815
414
241
553
861
964
57
607
450
720
851
849
629
192
595
33
133
905
64
245
860
680
410
881
442
485
692
87
470
364
891
572
771
839
656
565
248
494
147
417
783
873
712
777
739
983
63
541
956
615
958
273
613
560
337
208
520
604
821
240
576
242
434
6
823
372
80
3
1
214
339
992
536
721
185
101
890
262
938
904
512
774
706
516
232
306
972
272
37
71
239
242
765
260
829
443
492
879
113
101
616
756
233
491
724
943
29
39
552
37
927
129
969
230
883
903
125
726
81
584
578
164
832
390
735
682
869
163
131
958
844
250
109
104
838
850
731
421
493
270
183
131
444
769
863
103
90
57
76
211
144
504
21
132
976
443
165
963
753
756
690
482
153
307
640
593
266
317
933
769
848
635
454
794
241
919
562
16
718
762
693
579
746
169
80
727
376
321
183
608
90
592
723
290
407
751
657
449
340
453
146
645
391
669
716
88
16
755
266
26
416
266
960
460
110
562
602
972
688
176
900
9
127
119
308
496
535
294
984
246
757
361
714
903
977
300
539
502
566
997
239
997
624
442
845
607
405
675
962
93
895
17
110
446
753
95
663
642
488
40
501
681
84
226
814
903
951
921
474
572
870
910
113
993
269
161
300
428
903
349
906
584
238
83
588
783
32
290
67
82
475
790
464
570
66
238
988
743
681
851
753
257
541
69
353
582
840
151
725
147
819
431
241
910
212
775
558
771
131
87
168
134
960
271
881
849
855
439
613
558
558
338
360
102
374
362
485
603
80
373
201
644
706
617
375
39
874
652
228
284
931
879
142
86
734
907
209
341
242
181
362
379
767
790
959
540
263
222
406
97
526
946
326
918
59
379
316
675
0
274
486
544
879
137
301
500
309
515
886
920
124
54
273
583
747
544
431
353
280
392
309
840
201
687
846
786
15
502
136
25
461
289
205
664
904
877
789
671
990
374
34
648
876
268
988
978
963
167
102
213
138
928
753
648
922
802
791
488
118
81
739
802
81
578
935
339
269
427
46
398
873
692
755
174
442
575
441
876
670
619
53
378
189
663
361
305
65
733
571
616
783
757
397
150
13
716
749
691
415
660
648
682
309
838
603
265
248
501
938
324
613
253
276
759
728
276
359
562
957
544
880
346
602
481
910
789
897
903
96
118
189
759
467
563
907
339
344
811
516
424
614
643
863
420
516
851
620
687
570
213
254
529
328
277
41
517
750
871
396
804
478
981
312
221
743
48
835
491
964
818
718
727
668
354
445
864
963
39
440
201
881
248
869
378
738
827
969
673
382
820
735
778
777
688
912
316
781
651
516
911
894
647
663
643
670
15
479
258
491
59
405
129
14
164
738
474
917
66
436
302
404
27
626
577
391
303
524
167
715
850
630
446
782
778
567
179
483
386
804
969
722
766
370
327
288
960
821
362
123
651
594
835
785
389
804
418
402
10
93
667
50
