398
418
408
492
347
821
655
107
733
53
293
730
906
64
499
87
142
332
817
59
125
3
480
254
306
797
908
872
808
666
258
355
15
608
733
103
538
689
703
838
822
881
687
802
573
159
358
163
412
282
239
413
154
166
294
673
146
158
119
547
890
4
459
261
925
487
286
378
726
77
732
572
159
969
534
906
216
966
695
100
979
469
724
321
752
691
340
972
549
927
52
154
264
434
102
767
856
832
162
826
104
294
765
38
982
789
450
762
171
134
847
546
91
949
65
135
56
827
994
446
122
471
98
869
58
533
27
707
271
210
82
640
984
599
67
794
267
300
676
769
894
558
997
982
660
268
445
656
90
766
481
686
210
647
113
852
288
677
691
512
835
214
997
764
566
814
749
769
32
254
146
81
425
471
801
22
174
295
49
898
694
35
264
886
197
334
881
711
321
721
558
142
20
692
483
286
170
475
931
187
955
660
727
761
227
512
299
43
552
393
147
862
900
875
423
605
899
205
115
734
415
90
402
692
266
283
348
815
699
223
349
105
526
854
208
90
581
730
540
326
219
479
13
997
555
397
46
163
404
420
686
961
408
687
81
860
981
651
25
405
715
642
748
713
431
355
79
866
887
45
883
677
335
196
311
429
860
586
302
320
535
466
163
648
261
521
226
869
844
485
177
793
128
419
183
733
399
548
755
266
969
320
768
810
100
510
167
39
439
369
670
828
622
783
808
964
589
239
782
311
504
729
628
468
435
419
790
19
589
536
44
754
699
523
412
963
146
877
103
156
500
548
639
807
727
676
280
595
362
666
771
147
114
350
131
597
324
913
482
725
203
216
987
939
836
800
342
746
144
546
335
555
603
328
311
746
651
633
696
142
362
265
995
863
327
877
597
99
530
278
249
370
639
740
783
947
29
932
630
830
200
253
541
227
195
559
569
195
698
469
338
190
334
373
798
84
538
558
170
40
678
65
862
770
106
283
24
819
278
346
196
719
224
61
491
918
845
729
66
3
371
489
413
305
302
270
371
962
874
968
850
771
281
3
398
108
476
349
303
348
471
639
969
53
97
291
489
515
241
269
76
154
983
325
825
201
946
107
914
786
430
403
406
20
433
156
19
170
661
628
835
773
544
286
188
231
666
750
461
890
423
948
878
465
47
96
407
876
834
677
475
674
111
488
462
570
886
299
660
35
309
901
532
245
160
165
174
559
53
39
497
667
319
477
64
814
577
410
381
476
349
179
111
44
253
567
336
351
210
313
570
383
803
211
235
974
497
796
790
636
344
85
684
614
672
441
307
683
93
204
974
664
532
222
493
446
696
543
814
506
163
485
76
494
32
83
479
543
153
341
676
663
668
233
199
787
652
832
286
151
317
438
263
784
543
821
533
498
783
577
71
932
19
280
514
481
84
608
960
288
81
901
320
438
817
459
984
618
545
49
297
825
7
559
562
628
126
97
223
647
364
852
980
667
776
265
300
750
855
128
71
993
121
919
219
290
159
690
609
59
688
133
876
987
893
40
574
972
681
114
636
173
253
113
339
40
483
953
931
382
441
547
130
426
696
544
484
219
494
415
338
742
377
531
176
676
205
680
468
40
423
807
852
955
3
56
878
291
307
959
142
449
673
491
852
267
352
35
236
754
893
609
362
52
955
564
357
300
144
232
339
40
994
753
565
707
206
472
253
876
74
76
285
160
889
373
178
716
287
54
137
253
165
577
569
51
656
959
657
635
181
775
675
860
384
239
945
972
885
873
46
236
190
504
257
553
695
404
214
885
286
905
469
446
854
574
239
252
830
621
94
217
526
878
660
604
170
354
543
126
338
333
539
721
184
314
961
502
900
813
223
638
485
69
984
123
240
953
117
384
950
325
531
486
121
133
943
128
815
665
920
377
363
409
172
205
472
219
685
477
815
555
933
751
443
898
584
678
107
786
874
925
608
256
609
178
647
459
563
433
673
613
946
301
729
224
79
238
54
874
190
248
490
444
465
521
770
919
879
333
742
936
574
37
747
470
510
629
520
729
256
37
446
509
575
771
708
151
558
590
585
808
83
950
243
480
170
154
496
533
92
378
635
59
514
327
433
734
268
775
428
374
919
373
423
842
535
25
308
825
601
476
75
188
284
319
363
224
24
76
238
779
760
236
80
301
148
386
616
385
691
385
26
851
143
394
316
276
865
368
40
436
358
96
114
823
258
386
874
796
468
461
500
642
426
859
806
595
95
488
601
470
362
521
708
871
216
194
421
42
917
937
154
200
447
97
719
233
11
785
304
35
101
167
137
209
714
335
813
672
664
424
44
910
713
384
904
939
819
623
154
853
587
234
632
286
643
345
722
737
866
747
917
574
219
728
359
977
329
280
836
746
97
130
257
264
488
471
479
815
95
744
50
524
84
61
195
494
883
151
610
136
452
568
248
68
47
970
796
618
981
214
348
593
329
62
367
269
208
412
569
50
348
301
534
280
159
816
602
39
566
43
225
101
947
680
266
198
736
860
897
675
465
953
326
710
689
820
160
533
935
369
45
453
811
21
846
752
412
269
279
2
252
301
525
177
838
276
747
667
598
350
230
333
114
145
712
921
968
292
538
71
584
637
517
623
643
850
882
213
916
715
688
182
197
582
55
851
925
682
899
204
642
376
251
951
346
38
722
305
118
510
758
307
72
808
863
417
468
411
426
807
125
353
567
172
50
828
551
484
785
59
970
561
570
18
768
762
352
481
310
430
787
259
427
539
169
841
932
482
534
80
309
389
506
145
314
588
690
896
29
76
73
399
175
513
481
412
476
173
636
848
162
962
784
769
43
236
418
762
540
723
90
145
557
920
600
186
137
533
621
162
696
802
758
759
236
93
700
70
424
233
783
188
704
283
612
489
220
513
676
194
543
299
471
414
240
999
497
404
446
208
348
379
577
710
582
561
607
124
181
256
12
862
616
310
862
801
703
316
928
119
110
825
764
699
782
608
623
403
596
559
687
764
230
585
352
25
371
295
712
223
571
450
528
155
343
156
532
717
650
592
21
985
664
711
765
899
749
661
17
547
74
475
742
681
91
502
517
843
725
815
17
725
982
581
612
848
413
968
652
254
508
183
939
141
130
204
376
898
566
262
392
720
721
112
529
161
452
528
992
899
90
507
953
295
687
23
559
86
889
353
589
893
493
95
548
796
77
561
630
953
817
780
834
921
804
190
937
962
224
353
281
874
924
658
919
316
581
137
482
653
75
750
518
138
750
90
759
565
384
28
830
647
548
29
16
719
200
102
357
636
783
40
7
320
530
316
124
269
96
732
149
973
124
665
48
52
582
143
139
936
244
526
18
53
737
43
498
394
103
998
919
456
666
173
915
428
221
200
440
586
753
830
912
876
498
201
59
188
525
374
609
807
391
504
968
730
520
604
728
865
944
167
485
485
104
15
869
30
156
560
547
258
303
673
11
605
904
62
935
353
739
959
745
479
107
776
193
335
191
178
738
389
771
730
192
349
489
816
621
903
271
475
557
534
890
948
37
270
427
248
259
452
617
985
706
667
520
223
477
12
48
907
447
469
409
101
376
389
141
503
739
927
814
161
389
221
891
558
240
159
933
895
889
573
942
222
238
185
996
326
572
160
11
689
128
410
993
834
877
511
77
756
446
157
114
362
628
848
537
625
450
434
293
203
951
131
195
958
275
793
521
164
966
739
694
635
173
995
739
544
575
643
240
935
319
522
506
191
434
503
828
484
852
428
532
436
238
566
15
927
570
892
855
112
418
199
875
305
94
113
104
910
13
201
503
617
822
357
175
822
167
529
852
151
286
119
376
227
349
575
738
546
763
986
300
916
889
777
793
939
291
292
159
750
776
160
897
592
771
175
80
568
155
62
466
394
943
123
171
270
622
878
628
447
846
58
242
151
380
508
81
297
979
3
752
407
184
752
918
101
334
592
493
37
997
495
613
429
601
696
805
630
591
218
646
782
163
661
608
457
320
142
602
819
800
823
43
129
61
2
222
136
334
399
766
902
566
12
6
920
226
37
708
900
834
132
911
312
249
58
871
842
952
527
844
625
744
503
737
156
431
422
162
602
413
28
492
969
398
284
980
979
67
914
858
574
125
644
703
619
921
850
582
146
483
464
759
355
620
668
385
168
357
315
713
617
865
89
646
112
605
544
335
238
564
576
79
678
513
336
535
665
651
349
69
505
320
313
228
98
195
117
780
373
872
778
619
55
339
523
444
265
963
279
495
706
740
375
201
370
549
819
310
392
263
970
972
191
680
457
522
852
751
523
793
811
512
162
713
466
370
989
719
502
824
770
117
445
205
70
370
340
987
419
92
730
237
537
244
772
747
305
145
370
526
501
144
122
13
844
594
852
312
245
773
190
203
785
784
897
757
62
578
179
81
793
946
54
636
51
916
184
905
288
994
389
577
4
793
778
687
223
486
196
707
227
65
529
389
651
240
20
245
694
823
775
128
852
791
187
646
616
260
428
345
327
428
787
848
928
781
852
741
724
774
697
916
280
288
854
942
952
926
688
941
879
419
79
856
533
779
171
801
511
933
102
229
669
199
966
867
40
227
246
193
795
840
5
651
851
684
263
390
298
673
523
164
240
757
181
497
795
455
29
294
425
62
640
683
51
524
4
586
285
259
930
793
139
463
215
48
566
108
755
460
318
545
367
196
274
238
464
554
623
58
697
668
150
391
304
340
1
10
199
4
246
86
470
262
20
576
407
827
686
425
626
458
903
231
203
827
653
877
448
501
24
524
631
53
189
441
192
872
302
961
830
314
612
995
36
56
192
813
877
291
653
578
541
118
267
418
70
810
384
698
413
544
263
949
199
999
614
811
998
614
530
914
625
756
550
514
90
670
964
501
601
705
779
519
458
681
578
418
386
713
724
37
312
164
396
358
753
875
746
109
252
944
519
723
224
994
797
788
2
802
139
129
771
845
16
816
706
123
333
239
86
224
960
543
87
809
270
702
629
473
705
560
545
972
122
783
555
508
801
736
899
650
307
879
100
911
491
814
677
460
284
50
786
919
629
175
123
662
222
629
308
865
90
395
836
547
990
107
226
433
881
822
45
151
84
329
906
223
972
400
364
371
438
250
318
725
602
205
797
181
611
716
556
851
838
926
151
253
25
641
525
27
230
358
768
745
575
55
334
453
100
774
357
113
363
632
498
691
696
914
619
788
590
698
286
742
828
242
113
945
923
792
260
360
983
665
996
839
980
488
137
160
691
217
545
606
349
147
54
985
63
429
934
644
102
8
931
43
45
277
178
681
637
361
151
697
149
142
721
883
218
524
585
721
968
784
185
810
777
211
467
127
334
190
687
181
812
4
833
74
416
978
866
787
375
610
902
581
143
734
303
291
234
755
168
168
28
75
364
421
986
936
663
293
709
646
349
798
944
976
322
811
974
366
833
328
672
429
666
518
22
464
398
680
763
165
284
421
374
539
233
102
638
59
787
474
101
92
527
633
745
372
708
350
463
779
264
104
784
474
577
58
249
364
798
706
798
435
855
983
151
399
82
559
117
779
200
551
526
600
431
860
487
870
449
602
194
96
477
651
529
487
452
410
929
546
823
529
122
173
480
711
678
423
958
926
904
224
940
60
175
91
796
320
931
776
288
136
192
741
89
777
209
214
92
366
574
203
698
508
776
681
206
118
380
692
813
380
663
219
801
585
881
724
726
429
397
89
113
408
352
219
85
257
688
791
743
606
103
766
405
276
592
193
67
66
393
132
894
833
153
211
253
134
116
275
693
267
229
274
331
922
211
41
743
836
87
280
871
930
541
51
65
434
425
332
310
539
188
914
819
396
391
648
754
298
759
760
697
489
793
418
32
374
480
103
481
66
549
443
155
257
855
883
631
852
619
187
863
875
645
283
499
991
880
603
439
559
98
580
338
649
180
73
751
44
744
774
9
931
476
967
491
860
886
629
886
370
848
541
406
296
358
569
215
968
453
611
963
747
294
142
352
873
340
719
8
563
763
269
409
687
593
701
222
131
649
737
677
334
501
802
531
380
716
875
845
952
661
368
360
815
915
399
3
490
177
765
539
220
400
116
55
325
582
724
374
582
33
968
454
822
765
842
814
589
594
849
30
303
385
266
181
835
704
613
387
564
389
778
761
119
463
852
693
574
451
972
258
613
334
89
32
419
614
230
584
204
734
220
850
652
225
858
194
998
278
130
504
198
461
791
72
20
634
628
666
666
695
614
98
439
255
252
522
677
48
925
311
696
984
27
146
65
340
391
847
850
893
838
115
930
140
994
857
802
766
372
846
569
371
208
798
702
372
313
870
652
556
352
220
587
673
87
356
644
915
274
804
589
212
168
114
566
191
741
645
699
822
788
241
987
255
317
550
624
439
281
387
672
186
93
984
819
465
526
521
462
853
146
946
232
307
96
695
419
409
616
482
293
704
197
923
359
218
586
459
550
77
403
681
264
473
662
721
921
199
786
282
95
923
503
135
219
659
678
416
769
376
825
866
57
420
158
564
399
852
897
843
711
857
240
264
694
514
499
305
773
356
387
574
855
844
305
916
269
852
514
671
632
164
42
971
351
923
848
668
553
7
57
471
925
681
199
641
32
660
506
518
679
55
87
468
557
129
209
49
832
413
285
915
63
406
99
495
350
37
682
571
470
624
570
864
662
165
696
218
15
288
213
130
990
593
264
798
755
313
798
279
634
511
911
971
551
222
290
276
888
993
692
673
837
370
797
220
211
262
227
236
418
797
379
123
484
137
69
835
967
726
280
260
828
417
926
729
624
291
537
676
379
664
918
511
312
930
865
957
284
868
65
999
987
612
389
699
287
496
967
75
754
949
632
170
614
116
644
908
778
782
991
966
664
561
249
915
53
787
526
705
409
518
329
644
736
413
626
737
112
422
965
453
876
824
685
95
151
463
688
596
13
422
965
170
399
373
580
319
958
675
229
778
538
389
915
905
882
207
98
101
327
770
151
899
364
751
967
109
881
955
995
409
297
428
930
992
360
659
655
985
657
122
117
774
438
64
32
352
681
723
510
871
419
573
389
12
452
385
239
267
434
496
812
99
101
575
590
120
978
156
995
779
286
681
494
903
998
0
431
383
589
944
492
343
694
502
856
153
178
407
116
537
491
629
395
250
170
128
506
922
503
704
431
859
487
160
592
428
762
828
176
768
565
719
375
725
646
334
807
584
15
753
678
870
388
307
848
510
448
143
236
518
69
854
339
523
98
390
340
757
626
821
644
802
843
311
644
745
820
92
507
98
707
918
701
436
581
121
820
127
151
931
966
708
469
494
176
130
1
996
826
50
70
659
522
916
853
849
717
811
416
601
67
855
733
886
354
618
878
72
38
182
462
365
344
276
310
457
708
872
274
857
832
147
229
893
506
840
532
412
937
316
986
396
375
848
543
202
268
480
974
799
470
585
839
804
713
687
322
447
946
772
38
646
304
640
593
19
908
437
88
409
880
330
737
119
399
899
391
898
236
839
150
351
701
850
936
401
273
387
119
808
511
456
844
291
649
265
768
871
817
99
161
736
211
142
158
583
652
665
198
797
977
957
342
416
90
319
450
331
992
273
439
826
341
379
286
975
667
46
483
990
632
586
966
80
593
793
465
14
421
403
692
980
907
779
302
321
309
634
277
27
463
994
368
896
611
829
690
210
855
920
817
27
530
258
384
386
618
465
154
740
842
432
33
86
370
1
206
570
575
337
585
713
973
340
114
816
114
695
353
997
404
37
740
36
766
771
567
389
503
632
609
800
595
671
420
12
103
0
813
540
183
502
509
868
506
857
7
794
184
159
75
592
899
766
570
249
908
918
171
82
463
141
870
571
905
642
23
142
841
134
4
15
973
336
458
996
671
536
494
448
936
774
928
810
154
460
516
235
68
17
820
16
570
127
560
605
540
160
512
419
176
212
779
186
562
342
809
931
74
353
374
263
559
692
183
492
611
149
370
810
903
525
409
464
665
640
656
629
346
409
296
812
165
27
26
886
413
626
671
686
718
963
104
138
791
130
618
198
406
83
812
821
916
963
804
258
675
479
790
707
717
173
518
80
559
282
449
819
534
123
199
608
528
8
956
374
679
134
743
815
137
492
642
597
83
681
371
485
760
588
178
848
588
531
596
935
270
200
943
632
941
369
976
63
130
575
858
918
815
586
343
255
798
522
779
105
533
865
215
26
776
431
924
468
976
166
376
187
139
151
686
613
267
964
857
443
307
200
321
120
104
732
170
919
76
836
496
418
633
65
176
16
204
688
483
86
440
355
516
130
932
790
276
155
687
876
435
861
308
171
282
972
529
118
479
999
820
10
185
551
63
131
597
384
987
951
200
399
316
443
870
852
348
917
202
362
154
369
806
293
4
456
958
107
314
423
496
710
341
372
358
393
816
277
328
313
766
796
539
742
556
374
567
698
544
852
0
441
931
308
802
898
499
472
522
565
299
86
715
293
111
930
647
240
731
785
183
244
571
783
780
628
585
692
934
36
306
59
861
9
130
923
223
932
57
385
201
793
101
221
601
243
530
908
803
795
120
766
715
944
133
921
627
673
210
6
341
25
649
754
99
90
335
975
908
373
871
44
874
112
648
699
890
385
927
514
932
402
912
700
748
902
873
128
367
668
247
986
122
81
982
369
144
346
515
361
898
755
60
513
4
785
410
296
518
495
557
404
792
47
809
131
73
166
609
381
178
45
593
210
350
646
175
552
781
852
413
807
737
870
672
73
712
181
941
316
692
908
373
914
192
351
598
667
756
39
620
33
354
414
919
780
369
949
727
863
914
318
317
339
705
535
452
218
470
308
336
431
125
752
486
364
131
885
836
52
59
82
346
186
544
716
977
402
955
481
363
382
566
97
60
347
122
821
71
662
102
885
467
145
730
876
704
827
195
319
397
558
287
182
924
394
747
842
64
610
459
752
741
102
651
716
321
57
971
129
593
28
552
736
55
26
456
688
763
285
550
733
232
361
176
948
417
424
621
85
787
310
898
66
908
533
895
576
556
756
46
347
547
227
419
558
595
779
690
619
560
171
557
384
837
166
502
11
281
259
404
616
298
933
329
448
376
565
451
484
533
868
337
850
388
85
121
759
896
634
391
894
454
670
624
864
717
43
776
332
972
333
225
9
62
815
774
18
586
140
55
889
565
113
109
343
268
873
960
850
76
960
182
689
197
412
47
244
991
361
247
591
803
293
332
480
853
820
529
383
369
348
562
414
275
810
593
553
963
615
361
752
569
422
728
274
238
479
10
165
323
393
899
259
317
3
557
654
226
180
92
408
789
491
950
788
832
577
295
697
482
15
99
792
815
282
661
180
720
166
816
978
386
937
452
65
219
543
388
563
578
959
997
516
535
627
81
683
251
701
917
15
760
529
376
171
868
638
349
421
179
753
586
908
235
163
898
296
140
441
664
110
551
285
214
388
293
491
404
874
788
463
436
306
358
757
670
801
562
952
432
342
383
967
864
586
398
534
197
497
640
441
346
376
936
654
517
191
378
35
487
850
315
277
564
626
835
587
118
393
505
218
517
6
493
450
778
749
252
881
44
467
975
735
979
313
229
626
882
958
795
659
554
666
945
160
517
288
143
283
512
908
687
563
485
806
828
897
344
613
484
638
408
799
562
499
296
47
543
361
23
905
714
747
645
91
405
192
479
396
930
165
460
641
574
947
648
853
709
380
161
961
558
300
457
108
744
358
84
581
765
84
691
39
534
899
223
996
200
518
137
77
237
929
458
297
709
625
126
820
311
955
487
289
787
427
167
36
330
150
14
89
864
385
837
697
280
395
801
966
376
648
684
484
335
24
353
987
485
223
239
634
274
430
696
199
721
715
410
708
518
932
877
620
350
922
150
934
206
731
315
152
63
928
512
257
656
112
882
232
533
196
578
16
934
294
981
696
531
924
401
350
438
441
354
397
281
181
358
831
427
155
285
652
701
764
821
130
793
75
133
191
565
832
705
174
20
713
189
199
158
110
22
138
682
931
709
748
25
252
621
27
52
828
119
199
968
934
11
26
33
703
314
897
373
20
682
875
723
376
290
298
860
1
191
807
0
36
326
947
260
285
906
651
355
892
576
939
930
44
449
727
360
542
521
326
526
710
310
144
627
884
602
153
204
317
796
350
306
443
476
136
444
570
846
855
767
708
73
656
426
0
81
970
151
351
665
325
903
687
893
796
781
587
334
405
766
682
463
319
743
983
785
635
880
922
650
582
416
317
306
541
73
73
745
50
245
337
851
151
697
103
702
136
392
751
278
566
739
17
855
985
80
474
763
637
649
293
187
568
127
509
699
659
566
135
322
288
642
926
463
931
874
407
283
259
364
158
114
19
90
608
67
948
780
947
507
742
142
395
140
502
347
758
956
482
681
122
963
491
271
221
845
970
252
181
146
286
530
506
642
93
868
809
468
761
771
114
0
189
63
380
620
936
524
519
437
657
203
802
486
796
522
846
621
747
655
307
76
897
113
473
781
451
359
570
930
840
606
207
580
858
660
392
546
141
962
927
621
704
226
775
281
58
414
569
839
311
521
495
56
955
337
957
36
238
237
909
525
552
67
602
237
343
726
479
39
646
734
872
573
784
696
9
406
462
424
446
898
422
532
827
576
957
283
533
567
165
181
440
596
58
333
195
781
33
132
985
955
307
768
689
13
1
565
536
722
912
730
909
319
247
447
446
163
814
262
529
654
657
416
613
993
309
273
794
674
803
295
854
654
467
454
626
781
794
96
220
296
103
899
910
206
290
107
327
544
303
978
185
393
10
781
243
298
282
921
191
733
859
173
862
0
494
578
219
532
316
633
758
463
524
427
850
855
1
127
816
416
919
367
29
303
391
356
674
296
441
540
394
125
889
809
618
592
781
923
916
580
54
296
212
526
686
43
343
841
465
667
784
515
951
222
965
258
912
302
618
579
41
18
628
908
382
16
328
768
280
130
149
123
441
518
943
295
822
866
686
166
181
968
7
544
710
334
649
480
327
322
386
170
130
940
795
256
538
692
34
598
894
69
30
178
781
810
912
312
259
177
160
180
515
581
557
713
533
120
953
546
489
968
357
367
13
585
785
698
964
276
838
427
624
774
655
417
553
460
677
857
814
950
27
356
11
66
570
964
12
226
430
223
969
32
736
736
18
393
700
882
605
984
214
30
957
437
337
95
110
69
632
484
559
395
697
518
854
599
86
978
530
695
150
793
437
155
332
278
496
733
94
576
348
648
464
761
406
713
602
126
979
780
232
712
125
808
632
377
100
365
905
939
728
492
98
726
741
520
17
265
824
436
733
435
490
109
190
634
507
418
659
772
793
49
300
796
400
483
674
999
748
627
732
999
805
51
707
615
602
623
799
473
402
958
835
701
198
519
127
474
819
296
701
882
359
181
958
265
297
110
414
566
670
193
565
118
218
195
159
100
148
737
983
877
421
988
599
500
281
340
75
769
927
788
367
728
662
950
693
79
984
72
892
151
380
416
237
151
142
444
88
13
682
213
935
263
793
373
673
313
491
582
898
583
206
493
280
398
789
751
825
774
189
450
363
410
564
727
181
763
618
15
572
770
613
716
928
845
527
121
921
740
683
100
596
180
520
475
746
635
237
517
506
317
894
715
533
887
782
102
659
354
406
514
677
906
524
684
995
344
583
936
423
500
890
223
233
559
295
422
52
536
678
962
720
181
342
35
857
245
771
62
305
524
521
784
146
78
872
407
70
519
248
987
939
203
247
430
937
225
441
487
701
549
887
413
283
343
563
506
703
502
370
438
509
448
75
518
707
294
824
412
619
564
67
297
213
807
371
905
436
418
662
518
879
778
585
671
611
281
381
921
192
24
132
374
337
200
366
414
304
218
117
844
241
173
839
891
973
857
445
984
58
650
455
753
753
143
595
150
953
907
342
999
354
604
945
559
612
890
783
559
329
562
431
622
832
84
925
184
627
321
830
244
195
865
804
898
707
988
918
44
619
943
315
853
974
850
872
760
62
135
209
738
622
997
85
978
655
695
405
520
799
751
61
572
840
814
484
48
805
704
729
625
58
75
431
57
284
257
386
985
943
287
546
662
7
245
39
457
272
982
686
171
562
50
779
936
583
683
527
532
631
876
773
707
247
497
303
885
965
442
598
626
647
898
722
435
756
144
431
610
378
587
664
642
738
547
568
849
314
694
295
532
145
904
273
884
528
367
878
233
447
606
261
852
862
327
226
929
125
191
498
373
965
189
29
292
65
618
115
366
287
808
329
2
364
308
790
364
79
582
354
459
76
371
535
838
876
368
498
337
50
465
427
922
625
971
490
713
261
831
517
623
824
184
40
750
910
32
596
825
674
77
419
389
178
946
987
145
577
83
305
618
684
936
272
282
551
550
250
122
32
34
813
765
611
792
554
47
232
299
298
333
387
990
858
935
299
122
289
572
917
809
440
124
393
922
497
484
997
350
602
502
760
267
380
783
402
262
23
325
387
758
449
960
657
959
639
543
661
653
826
767
680
545
950
368
530
864
439
641
52
226
29
925
47
153
770
445
780
803
392
248
717
409
704
88
988
129
57
751
10
801
86
154
786
101
140
93
128
90
378
943
404
612
873
695
708
437
942
367
161
287
629
569
480
372
432
183
19
380
201
94
1
255
964
470
916
19
873
667
201
512
465
592
342
66
662
45
239
983
496
174
329
394
725
575
914
887
337
484
920
792
878
501
738
823
765
762
652
812
502
691
679
162
493
868
216
493
21
599
424
775
905
570
364
4
161
642
709
314
66
544
458
20
225
827
613
433
433
390
108
728
707
156
777
727
661
129
980
997
62
211
191
149
353
801
714
268
976
378
768
596
371
458
769
154
329
856
626
828
551
491
298
55
119
750
855
480
346
209
648
418
920
131
684
328
127
661
123
539
3
552
210
102
181
170
517
16
375
605
65
945
879
48
0
513
466
90
24
45
27
92
70
332
524
302
263
889
388
789
239
441
25
627
373
16
832
864
271
471
35
944
666
769
818
285
125
93
661
951
78
470
593
768
997
354
57
596
808
528
7
65
470
102
691
228
40
178
299
341
125
583
4
211
845
705
872
811
416
293
248
573
792
619
876
7
172
765
728
46
807
61
193
986
592
618
833
906
211
11
431
408
776
919
3
670
2
980
256
473
451
343
955
588
158
475
275
960
477
189
769
147
36
192
634
823
750
820
378
445
334
829
19
953
57
553
311
280
754
473
59
199
101
443
836
861
616
680
902
484
391
378
203
556
952
208
817
393
614
581
743
717
841
294
728
177
558
523
161
393
395
183
8
229
142
67
670
879
54
688
511
586
690
428
310
855
225
519
942
590
994
206
599
595
381
959
94
55
8
910
112
825
975
927
240
580
646
422
327
595
577
380
723
514
750
98
396
326
513
651
850
856
224
268
947
878
512
728
364
643
968
226
981
321
988
713
530
883
517
683
632
119
39
451
341
596
315
957
786
641
614
789
21
406
314
82
274
991
315
392
891
774
293
254
376
16
612
597
296
243
259
531
736
261
441
487
35
473
425
5
835
934
386
932
574
73
262
231
325
356
782
561
666
359
974
284
392
510
773
291
663
379
208
918
279
757
304
190
653
560
953
282
684
271
59
970
38
464
206
730
404
23
658
265
626
390
69
570
917
332
849
858
561
555
301
764
927
502
826
385
684
586
905
28
200
644
619
141
117
195
881
636
838
272
133
121
578
332
465
873
865
936
663
252
630
811
768
956
902
87
425
248
488
357
818
523
341
971
265
342
850
267
319
741
675
237
849
401
203
800
882
457
937
941
254
775
917
268
978
424
916
803
731
75
600
227
597
246
787
566
645
53
221
919
920
805
60
56
660
425
124
882
408
786
328
424
648
84
807
357
596
294
706
327
826
818
965
92
976
950
11
740
622
106
623
7
148
859
89
25
872
704
838
282
659
363
788
859
548
722
163
518
652
735
799
805
772
476
166
158
756
355
509
430
742
757
552
859
67
905
721
598
308
799
249
713
923
662
789
413
874
355
418
576
244
347
748
773
315
474
892
179
874
685
800
35
68
77
679
956
573
213
333
929
168
462
668
734
480
657
132
951
530
997
948
594
299
769
361
997
182
820
542
987
561
667
429
347
345
28
85
249
394
488
397
97
171
493
511
914
746
61
873
496
100
785
536
948
112
379
469
871
317
178
389
188
112
999
196
390
995
688
721
539
858
10
408
343
487
116
908
435
969
554
91
768
153
743
839
327
509
751
697
250
112
260
345
704
729
111
691
813
963
721
716
168
589
491
350
138
731
371
89
723
997
623
354
647
703
479
920
265
217
270
924
919
407
737
729
766
907
244
301
727
873
985
70
794
348
146
232
578
735
185
694
282
207
422
328
942
751
489
484
773
260
752
823
589
26
563
269
919
206
534
128
172
798
615
190
617
957
696
390
455
548
375
540
695
645
141
627
156
209
388
642
240
494
821
554
132
241
112
335
250
554
924
837
349
792
402
660
148
74
597
343
258
432
109
778
554
121
477
195
721
510
145
915
300
375
996
604
884
308
113
164
391
479
96
883
153
128
27
170
443
953
41
476
634
868
907
273
299
577
790
465
998
996
848
462
432
959
142
181
806
164
645
711
54
37
464
442
176
759
522
581
870
916
724
893
928
248
177
993
146
23
551
892
274
765
473
316
661
366
555
287
625
959
678
494
496
188
645
252
403
620
271
632
109
881
78
488
410
253
678
849
624
530
362
725
765
592
348
685
553
548
35
479
389
830
762
745
748
188
63
71
513
94
9
1
153
370
38
416
514
705
59
858
573
537
629
236
848
468
920
952
990
289
886
272
683
594
874
569
691
126
110
915
882
319
666
472
2
198
741
851
368
181
552
211
143
86
729
952
130
603
222
838
164
510
148
503
946
49
806
478
747
456
145
593
279
806
448
6
502
549
131
298
26
706
45
973
264
280
310
194
611
420
710
238
810
657
828
271
82
445
238
623
886
931
802
168
935
123
988
203
815
439
584
444
474
751
10
152
943
519
220
537
451
559
424
225
976
779
975
462
156
12
970
565
388
904
447
498
778
749
501
302
876
484
747
842
392
771
807
859
965
875
579
582
43
108
524
742
254
293
837
452
927
664
153
735
307
93
185
692
592
614
93
951
166
828
6
227
82
672
147
614
961
180
474
721
170
603
58
606
549
141
166
642
83
528
60
510
317
284
855
656
162
629
219
440
779
287
247
432
618
805
631
346
339
634
266
601
313
564
657
345
75
405
986
760
473
484
619
369
330
555
803
782
431
922
990
462
286
669
95
776
159
506
211
623
819
805
283
662
879
727
74
822
827
996
520
21
175
788
574
969
104
124
875
22
504
70
567
356
636
454
142
372
634
327
191
188
666
253
357
833
436
508
485
845
642
121
497
130
128
752
789
838
177
806
120
583
948
863
302
632
23
419
251
588
58
500
298
890
223
747
823
370
16
75
346
96
138
126
917
350
729
832
783
447
164
177
859
465
723
310
594
138
254
634
24
815
447
9
310
752
842
277
451
248
44
277
536
660
242
650
212
506
844
236
430
140
994
485
681
925
253
99
269
203
609
844
795
469
977
982
889
207
724
741
351
236
407
408
57
268
427
701
854
374
960
852
184
135
602
506
613
475
355
439
965
491
521
322
637
528
753
603
356
791
380
865
532
894
921
285
491
821
476
583
818
57
30
552
158
821
4
616
949
954
76
680
515
73
661
938
894
918
38
432
847
751
330
675
42
36
27
869
311
98
253
736
514
379
164
424
583
769
296
559
723
923
88
928
31
966
245
398
110
663
561
13
153
672
943
329
433
737
932
638
341
513
398
896
156
493
172
469
509
881
583
607
469
733
528
501
281
753
106
5
100
276
440
411
420
81
362
517
688
395
700
218
60
891
96
168
161
807
790
437
174
5
816
168
228
761
459
401
688
499
851
358
418
524
29
296
374
610
43
830
368
363
860
752
534
999
610
950
449
216
912
65
867
862
724
714
471
174
105
611
726
371
864
963
350
736
304
630
936
605
523
155
465
320
867
831
177
173
749
11
675
945
900
234
532
116
113
550
480
629
387
331
753
178
609
83
689
496
935
819
306
512
345
446
707
203
105
497
62
695
863
951
0
474
506
110
233
766
570
346
733
574
919
440
786
672
863
886
195
411
60
721
876
419
901
790
862
739
119
237
613
250
154
435
89
770
176
239
618
757
220
304
751
480
944
572
425
708
945
836
899
882
207
638
621
591
127
571
666
609
915
523
838
401
830
493
804
129
288
452
758
904
809
990
486
611
931
38
389
551
720
997
803
28
598
860
638
164
736
541
590
124
664
811
936
882
409
991
281
336
682
261
6
200
87
342
162
953
282
598
520
872
899
497
409
66
619
122
607
449
519
284
611
781
691
701
157
533
493
320
162
199
52
625
442
740
121
822
507
815
788
532
8
752
434
64
726
163
349
144
400
166
581
681
673
636
558
545
403
139
690
543
53
549
864
490
658
333
516
32
984
768
706
33
702
910
125
794
730
584
565
326
937
373
801
746
992
768
216
679
163
124
222
254
300
779
669
479
438
123
194
99
258
634
450
507
266
939
317
312
900
545
434
52
562
836
907
792
752
282
545
120
581
783
91
412
517
0
20
968
381
429
923
55
569
29
134
347
788
606
433
376
454
589
588
154
666
195
635
499
408
305
354
562
384
821
72
41
57
653
627
13
745
747
941
459
821
594
798
625
171
320
137
43
110
749
819
912
66
499
570
612
385
222
914
758
190
885
790
997
471
130
365
886
368
910
874
9
958
993
640
630
208
665
478
738
93
616
848
358
698
667
535
473
843
208
890
301
965
192
644
504
121
918
799
844
515
694
585
696
123
377
790
400
579
328
975
947
59
271
90
436
314
564
506
260
214
696
640
605
566
438
346
82
797
225
195
53
729
515
555
113
501
227
608
889
548
406
300
760
240
585
122
843
322
158
164
979
898
678
222
464
433
886
688
387
100
588
208
202
748
196
502
914
244
278
308
263
499
938
830
96
531
687
214
721
249
360
572
472
798
865
316
420
429
280
239
835
526
495
958
660
890
665
764
660
472
755
108
212
704
533
556
706
638
497
568
663
976
419
34
178
555
529
600
235
468
701
110
514
915
529
958
241
596
563
685
671
345
209
80
31
554
278
14
176
463
958
312
478
503
526
470
369
546
735
380
116
884
637
261
273
306
995
951
747
426
634
688
635
758
681
62
72
26
366
53
689
183
38
732
188
950
282
41
149
649
499
423
719
830
519
429
862
941
988
73
424
60
29
741
841
41
467
984
598
984
629
296
261
406
195
582
35
557
159
290
685
480
933
658
916
882
884
893
330
634
397
389
506
530
308
124
871
328
958
5
91
412
842
215
740
315
210
6
474
916
36
234
283
393
635
940
330
432
676
246
558
634
366
658
903
523
905
430
447
492
498
982
246
414
118
522
38
528
126
610
872
506
433
504
775
10
232
357
731
759
478
158
25
925
294
568
745
312
962
26
815
605
225
394
743
445
280
546
203
931
700
932
887
160
511
740
895
924
906
85
407
32
282
847
42
298
374
968
911
521
191
360
361
10
64
185
174
850
489
158
811
149
559
899
86
830
374
430
140
695
793
301
324
4
257
304
523
211
589
168
657
198
481
424
300
557
202
995
115
557
616
239
342
774
509
904
485
588
461
839
142
923
127
340
667
545
675
602
675
390
180
643
295
439
432
523
144
828
613
89
895
150
638
51
37
669
222
266
620
393
925
542
133
176
857
467
68
183
983
124
841
604
874
790
49
763
675
505
772
608
761
730
984
565
939
332
38
436
324
465
171
23
253
428
106
757
498
872
143
264
502
30
663
285
728
171
591
508
90
296
666
721
671
574
839
89
310
434
786
409
228
445
570
676
646
927
491
243
583
909
725
18
727
561
916
905
821
577
577
200
662
834
601
726
623
670
901
132
183
251
554
429
144
775
697
369
640
785
714
410
371
162
324
566
795
267
136
903
954
192
879
416
783
670
953
153
920
833
56
756
399
689
980
304
536
22
648
542
714
58
565
74
212
605
438
380
713
711
763
992
487
129
586
851
717
597
698
800
891
735
874
842
438
500
2
114
892
379
736
682
220
576
974
483
178
144
9
516
202
298
533
853
803
195
696
627
439
253
876
436
655
513
441
157
419
746
691
138
491
964
719
703
920
253
627
924
902
611
967
454
318
750
551
900
311
359
730
678
261
824
664
333
821
462
759
359
871
269
646
466
101
899
806
867
747
544
350
191
504
300
151
489
292
794
215
821
442
51
121
61
904
806
996
267
788
574
811
918
962
989
605
848
283
392
958
791
976
986
262
738
663
901
688
575
765
238
62
274
117
865
819
720
32
470
945
981
749
770
28
499
803
368
367
845
157
649
813
979
821
122
619
366
548
797
84
14
480
739
157
417
583
785
690
719
412
936
416
956
384
897
828
46
842
648
564
984
562
504
229
519
906
576
973
538
886
301
130
231
126
656
698
379
345
793
812
706
452
100
143
713
932
731
538
463
704
916
660
763
363
21
277
922
960
53
476
760
894
652
762
769
30
269
950
560
395
499
251
984
506
403
928
201
354
209
774
166
653
805
719
716
983
654
476
517
887
263
112
734
579
18
900
758
393
563
10
96
284
742
750
210
796
364
705
183
705
729
528
530
360
489
405
581
871
557
100
752
766
768
465
205
974
728
216
748
359
137
573
627
589
219
37
392
186
47
940
82
994
621
312
517
906
459
678
364
194
41
564
731
245
136
415
117
903
108
294
876
175
903
398
224
141
625
56
426
949
829
696
129
324
605
86
669
242
744
866
41
449
651
804
142
222
14
746
686
141
576
702
630
265
14
615
536
797
48
199
560
996
628
172
525
984
864
259
954
497
458
362
94
388
554
204
561
158
362
771
96
97
548
688
154
695
237
647
412
204
273
306
161
185
447
98
206
125
510
453
926
671
720
156
738
18
846
60
147
696
452
632
34
594
831
253
944
166
116
54
665
35
242
969
255
937
523
569
612
620
815
509
256
171
266
73
692
140
855
956
949
650
333
378
693
321
161
843
79
793
275
924
386
681
365
692
912
158
482
745
151
365
748
484
967
813
841
770
181
345
302
388
903
708
364
818
1
149
738
588
832
94
347
481
934
399
442
963
861
320
723
618
270
47
436
880
508
823
500
269
861
714
602
69
529
431
985
126
854
815
155
134
755
461
579
245
100
397
736
486
717
375
423
316
851
379
239
651
143
526
379
124
964
350
563
693
467
91
645
312
652
775
699
275
824
463
228
872
949
674
135
182
914
377
836
495
812
96
606
499
256
197
391
254
153
150
458
869
12
63
407
983
834
508
354
321
367
540
861
546
281
255
295
649
538
257
765
411
810
423
520
578
350
977
759
946
597
801
254
726
277
364
575
810
506
518
496
266
831
307
126
819
400
955
961
240
262
421
855
921
700
911
821
951
587
421
19
250
737
712
312
70
31
185
302
835
810
871
966
549
17
21
679
844
345
847
108
220
182
78
228
479
148
601
46
969
173
255
19
349
443
619
686
927
623
359
50
625
627
116
764
361
614
809
793
67
894
258
408
371
210
915
155
838
248
557
658
130
509
775
384
27
163
977
362
767
296
126
294
652
805
832
584
344
427
976
747
306
557
77
390
159
146
956
612
351
137
634
585
449
43
527
585
364
243
803
251
48
641
597
583
916
231
385
516
49
851
465
133
439
119
216
349
495
373
939
728
736
151
945
379
86
878
388
103
808
601
904
194
905
673
60
551
553
762
399
879
316
933
397
856
948
564
306
205
507
700
702
102
243
898
393
825
721
8
648
729
871
359
809
494
993
921
444
837
995
455
523
154
129
72
995
131
911
915
539
806
306
519
493
950
23
721
139
330
482
239
3
103
897
371
838
311
346
873
317
929
42
172
429
211
224
21
893
486
706
630
669
697
686
342
433
497
987
934
366
303
177
500
789
641
598
765
870
806
283
601
886
92
23
745
348
925
554
652
896
458
76
739
397
885
190
801
353
45
953
887
283
774
367
911
748
536
751
639
505
530
804
296
536
133
704
744
232
21
981
493
918
430
596
171
758
235
274
879
191
213
32
133
889
705
290
103
267
595
194
591
672
731
589
504
522
477
310
471
827
229
890
655
583
330
676
430
270
842
146
450
288
158
936
496
441
288
403
670
136
866
904
959
251
585
838
887
277
786
274
736
667
900
346
604
851
398
787
451
245
730
462
504
862
818
209
999
219
570
379
250
556
246
154
813
217
429
432
766
873
38
786
81
544
850
859
458
624
419
537
444
20
315
559
618
841
512
227
708
294
367
872
372
62
942
582
498
35
62
697
277
253
289
640
554
275
288
926
922
913
720
62
351
955
246
523
791
489
265
734
421
459
583
220
220
439
170
358
325
192
676
946
443
537
905
994
941
931
653
260
356
900
710
634
853
665
794
891
841
244
484
234
371
601
123
973
794
38
227
321
344
969
928
707
178
487
32
538
993
913
777
252
935
177
339
590
902
327
463
416
702
189
585
671
134
97
49
133
213
388
488
70
337
366
401
189
976
500
126
95
269
341
421
45
493
978
106
328
650
836
918
296
968
810
64
982
182
578
820
218
23
656
105
575
129
246
304
582
454
155
953
321
226
126
808
465
444
404
816
385
753
649
982
949
812
4
962
237
26
469
353
126
814
955
775
403
976
657
843
296
884
898
595
167
664
205
554
551
397
506
591
594
370
13
175
5
301
538
630
341
916
986
266
272
835
965
41
418
174
209
388
417
354
585
907
723
47
537
971
559
472
433
862
617
166
897
946
546
82
820
196
263
602
600
334
288
918
845
687
620
987
67
698
787
839
481
826
372
110
107
300
961
213
516
837
256
773
829
438
634
690
972
405
337
805
272
494
718
318
91
881
537
182
354
766
157
204
954
830
866
327
923
476
445
51
721
37
837
559
592
955
15
550
680
240
965
749
57
145
90
877
377
264
833
728
515
743
567
898
83
714
253
440
248
828
611
4
424
61
290
396
530
730
184
439
344
533
377
161
964
847
916
17
12
91
236
401
489
173
432
254
284
579
718
394
906
379
347
438
642
285
677
427
940
922
549
714
469
893
407
970
96
88
156
587
487
163
306
945
538
369
922
731
455
307
507
636
978
617
453
146
799
165
824
229
982
155
270
394
734
239
718
145
742
53
218
19
392
54
972
304
110
961
652
368
289
857
165
888
32
654
945
968
422
702
922
418
768
677
187
613
461
571
806
388
54
85
959
633
263
190
688
997
287
120
990
860
733
733
909
300
963
835
56
167
752
672
531
578
200
969
892
861
375
665
767
371
671
225
985
332
973
235
47
442
562
99
449
256
529
752
945
834
156
895
232
593
900
465
507
565
745
902
889
976
310
842
993
272
953
439
353
677
874
235
706
861
529
156
59
724
133
41
386
416
555
498
602
980
619
947
306
434
817
813
434
687
810
269
780
770
125
857
800
581
653
248
151
215
36
170
533
784
642
736
409
175
822
773
815
417
301
133
448
515
929
661
696
841
291
891
184
744
131
71
812
305
175
874
240
663
955
485
31
612
792
358
21
814
184
239
197
112
281
511
589
102
312
174
361
408
39
963
397
883
938
63
327
4
175
791
124
175
645
142
466
199
958
898
293
935
655
880
758
392
999
186
913
532
758
400
798
706
521
517
675
307
75
515
960
949
566
993
554
917
562
804
428
194
693
964
203
712
204
73
257
475
304
501
740
572
317
924
824
409
375
201
642
175
22
802
78
995
667
248
884
26
115
367
494
598
652
173
718
522
662
425
670
391
684
417
687
264
58
185
237
610
810
904
219
849
122
229
499
655
903
402
761
446
272
888
153
528
204
756
246
245
814
168
884
829
570
668
736
382
80
87
55
456
281
361
924
959
439
723
254
25
642
81
737
553
24
582
180
459
284
185
419
729
3
231
541
597
499
536
169
976
501
695
972
514
44
852
110
106
294
980
823
857
123
756
892
763
620
361
494
750
309
12
309
93
830
4
496
87
646
381
168
292
233
767
670
935
837
202
498
930
567
553
134
487
995
140
906
691
331
602
1
880
31
870
516
963
918
274
53
346
132
105
911
82
677
994
44
760
498
546
335
735
161
456
867
138
545
327
59
226
990
304
588
682
145
398
472
393
452
750
196
775
181
926
244
836
257
221
670
614
275
332
4
401
5
868
382
619
470
423
927
992
148
163
55
108
452
85
745
248
336
610
429
895
960
604
313
80
724
762
876
774
57
553
955
239
746
194
255
394
105
76
758
581
686
572
954
998
927
425
663
592
265
421
168
808
974
673
325
8
551
88
438
875
907
744
235
66
129
700
46
47
195
13
25
625
204
617
285
7
955
764
690
760
728
447
582
42
438
55
392
618
1
600
44
899
763
289
188
970
386
881
228
978
123
506
870
955
93
245
264
217
559
990
891
58
236
649
749
711
673
141
153
879
595
857
438
720
198
812
293
7
772
393
791
10
682
139
735
141
306
165
555
290
868
766
624
292
22
378
502
45
174
940
82
494
413
651
740
328
734
554
96
969
799
53
640
553
304
809
658
557
514
715
38
779
490
372
619
7
413
683
354
629
78
467
786
905
22
166
822
300
763
530
740
151
76
908
664
133
828
419
745
244
950
158
809
820
368
560
898
483
458
842
335
704
160
818
169
590
550
515
4
635
781
301
665
586
627
398
197
167
967
489
234
513
101
990
180
972
854
466
623
39
765
457
855
859
605
633
968
694
847
505
823
383
762
506
448
811
107
892
329
422
608
316
663
950
712
332
144
845
246
467
249
893
197
663
840
273
237
633
53
401
318
104
261
14
789
329
959
95
589
453
291
788
48
507
630
569
854
767
443
701
405
555
599
371
874
221
668
776
287
313
57
399
166
745
55
354
580
498
671
449
777
305
66
503
687
446
873
195
88
271
271
693
678
960
795
930
477
818
162
554
860
714
748
111
308
251
854
808
263
54
424
616
558
137
856
697
868
365
191
84
230
53
266
789
743
532
92
602
174
606
362
677
771
722
495
163
227
142
520
211
376
116
587
611
380
28
308
615
575
273
984
300
887
944
54
613
224
126
274
619
461
130
292
802
173
3
960
217
193
635
439
210
860
812
662
419
484
522
286
92
897
257
948
571
460
8
169
140
618
679
261
716
16
629
656
472
625
533
409
906
430
337
602
108
534
351
451
760
598
787
102
615
866
414
915
664
604
702
669
699
828
670
37
135
154
39
142
585
864
830
936
134
27
320
57
562
619
252
120
626
241
992
52
791
153
455
13
852
232
177
289
43
400
891
418
314
601
456
118
923
498
728
7
236
24
817
531
813
750
579
903
208
726
696
112
278
839
332
738
375
816
745
213
201
283
678
820
502
181
137
704
623
310
138
613
358
252
755
434
522
429
941
631
740
84
388
242
458
875
613
651
441
315
951
145
168
72
680
491
379
744
569
700
941
188
213
881
842
104
222
925
708
336
793
967
884
676
482
618
227
390
643
910
66
249
961
933
983
764
624
512
128
87
633
122
253
966
488
5
305
691
234
612
969
560
831
409
881
350
861
865
907
384
309
740
465
627
874
409
573
2
478
793
975
645
903
970
55
345
739
8
331
686
272
783
795
525
599
284
635
745
26
53
937
264
579
966
591
249
15
389
755
832
827
80
574
263
349
157
962
440
591
514
240
785
975
246
560
902
954
520
321
525
947
239
340
846
430
10
900
170
106
601
161
942
30
715
854
888
171
113
175
769
443
979
623
403
144
490
225
164
759
877
621
612
287
696
29
587
221
362
584
775
794
293
615
661
759
876
479
950
495
952
318
956
7
459
809
820
273
449
637
726
495
947
949
483
102
374
804
583
784
108
339
631
423
626
757
493
999
337
849
673
75
232
831
106
75
538
95
501
788
276
998
181
881
386
922
573
145
211
281
874
800
170
365
171
266
742
578
813
277
172
635
538
127
499
42
891
448
704
278
6
809
340
394
457
253
987
732
175
95
357
731
66
28
299
61
779
986
2
495
406
665
820
710
585
329
744
398
158
773
510
665
614
615
759
267
425
723
68
3
308
328
414
548
250
700
78
868
166
247
215
973
463
316
552
450
573
987
942
236
931
474
338
63
398
414
31
174
597
180
854
94
242
612
197
706
848
433
693
658
764
338
635
665
49
925
706
503
823
868
751
941
340
288
637
711
454
110
938
798
359
127
98
639
345
180
202
70
228
618
391
879
335
242
272
46
403
732
753
717
910
133
810
854
455
30
224
658
669
767
178
170
36
76
150
772
170
191
213
624
631
191
556
642
124
871
813
475
406
289
693
980
203
173
439
602
452
524
745
152
187
146
197
209
831
852
964
62
597
734
390
471
937
168
564
333
406
66
161
663
578
461
662
611
93
772
710
0
684
443
914
713
409
935
357
956
581
358
322
884
297
288
645
837
969
342
999
838
11
362
670
443
846
423
324
971
693
410
375
911
374
234
809
597
527
748
1
36
537
274
842
816
895
797
106
760
656
584
669
782
491
455
443
535
547
128
248
388
979
728
170
624
691
657
576
259
524
363
225
726
585
593
203
704
110
669
349
241
333
543
287
525
959
737
496
243
120
839
528
462
878
829
279
11
675
785
190
732
641
19
269
661
557
618
452
366
383
401
934
560
977
713
627
163
783
993
597
526
718
668
629
992
111
978
335
832
5
1
227
712
605
117
357
824
854
965
239
120
714
256
333
420
508
832
298
295
354
6
194
930
596
199
79
52
189
598
952
198
2
465
862
399
241
216
697
86
356
27
739
254
126
123
3
111
949
20
509
258
624
185
951
117
419
169
543
680
881
577
963
343
929
418
801
801
324
108
177
672
278
274
264
98
363
120
150
807
965
635
530
124
267
865
516
408
491
785
443
957
210
963
113
849
155
642
651
821
959
977
437
694
781
725
958
946
267
225
896
37
163
887
3
5
744
78
985
171
59
103
341
627
529
733
664
725
224
467
317
941
506
936
262
616
128
705
493
64
163
414
575
449
23
992
862
677
314
552
135
965
939
724
628
778
910
558
562
27
551
69
533
71
812
792
722
21
528
88
981
986
638
285
509
579
667
12
181
956
487
176
28
168
197
559
527
625
216
38
733
466
960
863
172
164
54
513
34
846
293
57
758
985
65
440
696
546
621
789
327
393
567
765
337
42
694
64
96
729
335
933
19
108
452
881
634
604
663
532
167
684
678
108
833
836
383
335
122
128
821
10
499
45
579
63
791
972
9
239
222
83
949
932
779
903
131
931
919
350
560
672
535
709
811
282
508
517
478
888
986
915
76
604
499
168
643
743
260
926
355
933
625
948
223
955
53
388
44
366
396
259
760
221
772
217
230
162
688
42
798
181
936
156
138
114
494
58
598
940
370
296
823
233
624
791
120
8
328
987
344
849
959
764
464
92
724
394
572
644
342
164
353
525
68
219
94
92
180
978
77
182
424
289
907
612
141
115
622
637
846
12
359
356
410
495
968
196
921
6
960
473
36
835
332
857
462
55
976
171
621
698
503
694
477
770
47
781
392
391
505
473
758
590
56
944
843
588
823
837
642
711
847
864
940
47
793
808
646
274
226
293
713
952
789
859
499
420
253
764
959
596
266
381
736
507
811
908
188
149
70
16
847
283
636
417
285
760
512
706
132
66
385
180
952
981
406
757
209
340
474
665
491
442
961
383
597
897
641
160
204
553
308
355
480
618
293
741
134
669
57
271
344
512
176
864
131
297
315
164
7
989
841
901
236
377
437
202
675
785
202
389
786
911
394
249
933
966
802
755
689
743
250
688
226
812
725
456
408
611
36
249
277
406
815
895
274
585
798
715
219
779
557
594
360
72
743
711
46
462
180
691
909
918
478
836
402
518
32
844
544
909
808
643
83
286
807
920
286
289
638
500
229
374
179
319
949
388
724
687
411
825
923
94
658
634
379
451
177
301
506
996
828
141
200
139
9
678
95
790
14
378
875
292
386
420
411
420
177
410
800
816
532
664
398
282
328
299
314
38
141
186
963
425
450
764
35
456
15
982
135
867
36
548
917
291
352
419
774
298
268
268
924
435
897
475
614
426
447
592
274
724
32
622
90
418
900
738
394
242
118
254
24
823
526
231
965
322
241
692
427
200
742
984
72
270
210
570
218
699
607
930
667
333
568
870
288
111
496
991
148
609
476
134
962
872
30
291
474
440
611
447
171
383
719
391
11
747
392
684
803
127
464
465
999
618
687
317
524
417
928
954
194
62
466
381
628
312
850
399
693
629
776
779
214
646
919
289
230
986
809
370
65
741
810
85
28
490
539
234
711
327
179
565
451
800
449
644
271
214
428
965
894
498
726
138
403
173
895
214
312
265
278
605
339
421
965
182
234
93
958
476
168
377
600
726
97
183
999
924
82
731
803
595
604
422
903
554
227
84
261
974
330
794
368
411
673
824
154
652
730
196
759
324
320
647
377
614
97
36
374
570
662
558
311
170
144
97
730
484
117
420
2
344
379
477
557
468
453
453
359
822
276
30
742
874
767
762
757
605
909
574
812
593
714
167
888
305
89
755
615
968
842
460
935
837
580
376
311
114
468
284
470
597
263
755
619
342
284
193
588
346
85
477
771
816
887
647
838
122
40
253
110
166
113
796
170
701
309
253
309
963
689
446
901
313
803
923
86
600
984
421
318
991
128
586
386
254
701
92
225
475
621
374
55
125
283
333
957
224
501
796
447
57
953
538
206
578
265
319
55
103
922
773
691
426
103
668
776
204
83
912
553
189
15
367
434
710
576
286
606
661
349
851
68
554
279
776
999
735
577
118
422
428
795
353
587
972
98
187
279
386
834
827
318
128
894
103
983
210
391
415
263
470
68
732
734
966
553
385
962
866
691
961
227
271
706
809
951
293
688
999
910
872
697
100
384
588
187
686
118
263
1
793
903
145
898
910
684
159
303
436
910
17
46
111
262
216
864
638
789
716
9
961
205
853
57
75
984
673
382
612
775
93
389
266
870
151
337
786
446
884
770
777
187
45
410
832
303
431
420
343
478
843
454
16
612
643
401
640
644
686
222
610
35
582
340
533
36
992
671
918
924
780
994
801
273
238
504
12
807
971
167
508
459
8
207
877
795
136
394
460
493
900
244
263
960
728
117
831
177
604
980
101
542
304
494
747
712
155
144
4
444
14
537
262
538
820
475
879
634
653
644
278
260
163
472
155
599
117
857
946
597
426
65
748
637
800
663
863
880
94
633
551
335
318
369
812
821
551
955
54
458
98
558
918
967
987
488
495
913
219
335
205
736
172
822
509
63
500
764
477
985
85
532
629
353
300
608
142
10
49
134
362
113
726
792
445
8
156
367
722
381
858
736
249
330
288
330
423
821
987
774
230
603
897
192
839
513
495
445
549
411
129
293
692
592
451
339
538
606
189
507
900
162
516
884
796
715
423
534
458
200
966
237
537
606
802
526
12
118
25
105
640
391
577
968
627
104
767
367
653
584
880
261
558
866
487
242
344
59
496
329
47
862
494
408
894
466
576
397
604
386
128
291
799
685
679
718
143
607
59
684
791
64
451
308
919
316
725
219
469
362
701
940
13
761
513
415
110
256
962
998
71
516
702
812
27
559
228
127
449
743
831
968
30
533
167
585
831
87
764
558
754
761
428
78
876
991
319
796
0
110
977
777
726
620
457
652
563
948
983
805
376
134
171
614
765
543
27
51
143
901
797
716
631
382
574
480
85
170
330
956
229
533
838
437
113
97
529
202
727
780
746
149
988
318
822
348
393
14
769
923
557
765
599
716
76
27
771
442
783
592
848
250
771
326
263
242
934
261
872
191
919
887
747
50
742
350
881
74
396
930
863
976
12
63
68
831
378
790
923
979
274
3
763
131
612
656
12
946
823
639
324
826
548
165
260
186
789
734
797
106
101
107
518
243
601
467
754
133
600
601
366
667
791
898
849
234
815
986
279
90
339
976
615
652
869
342
755
29
209
885
671
625
308
961
214
244
118
793
794
173
654
987
243
340
492
685
2
597
525
918
526
245
970
462
287
388
147
979
745
772
10
741
426
993
202
973
631
594
514
146
676
839
460
307
668
619
4
292
704
364
661
115
954
1
669
42
541
395
492
2
941
703
361
917
637
442
206
989
257
630
669
4
776
965
19
755
719
387
572
23
858
856
687
72
499
974
11
572
696
209
794
100
329
61
661
13
231
612
593
154
243
943
160
368
358
252
642
122
748
314
678
238
183
801
148
351
601
37
37
893
658
701
21
402
859
182
935
309
25
318
409
749
15
990
722
918
501
815
186
264
845
328
193
209
56
566
131
415
204
86
713
59
753
223
683
26
756
588
902
70
419
480
784
348
35
642
556
87
942
171
50
405
833
382
453
656
437
928
268
488
683
344
937
575
358
464
838
998
444
660
514
6
701
195
390
361
431
100
20
449
305
947
714
65
39
452
419
284
174
766
39
162
992
220
765
162
505
520
86
404
619
505
43
814
511
199
209
330
373
588
868
870
494
245
434
364
760
305
50
243
698
905
165
630
745
217
715
987
114
894
641
630
712
17
66
871
376
635
235
329
764
353
851
357
141
970
315
790
796
197
699
438
634
577
213
146
367
328
469
969
920
267
193
195
660
348
478
535
178
520
844
797
475
667
346
437
157
505
700
360
219
714
876
918
887
117
296
567
249
336
635
942
549
423
277
450
136
675
943
615
915
45
418
238
419
291
192
784
111
338
782
992
532
390
327
481
783
37
604
581
753
50
747
721
279
321
510
813
778
502
982
368
707
43
887
523
708
545
389
589
692
135
63
367
49
857
188
377
234
259
571
709
741
766
271
105
439
793
747
299
730
516
114
801
796
985
258
590
726
5
634
724
705
429
593
302
512
468
753
836
810
804
245
301
350
339
134
40
13
80
228
756
410
270
483
601
541
520
84
206
288
805
14
277
777
167
964
211
706
366
320
772
661
643
448
311
684
649
889
989
872
366
898
864
200
499
930
906
653
400
227
739
787
804
849
320
723
699
310
808
383
721
808
80
61
381
86
753
583
834
319
632
706
170
619
903
222
36
222
371
197
320
98
390
816
416
851
837
174
17
849
636
30
722
66
104
168
501
71
245
391
51
832
793
857
421
961
217
330
968
591
796
429
81
414
189
933
545
197
564
651
754
877
606
409
355
637
636
726
425
929
2
187
487
836
353
22
990
108
751
420
872
661
965
117
426
441
1
506
425
686
453
794
950
160
464
246
324
529
220
369
681
430
71
788
884
596
566
17
86
787
279
822
116
217
646
988
204
522
522
569
773
119
136
827
820
852
785
238
429
607
312
616
206
189
798
282
938
607
441
777
861
734
178
135
395
42
287
588
206
777
585
960
568
150
462
397
917
880
209
657
420
965
120
570
112
367
894
725
442
293
434
360
106
837
889
694
822
777
320
347
97
407
12
721
111
437
261
738
504
949
976
903
612
861
300
456
382
435
671
141
908
703
754
172
253
921
682
340
140
524
857
282
413
619
68
394
661
260
814
664
182
378
926
719
107
15
188
618
641
409
505
361
639
884
983
742
144
729
967
649
46
86
762
65
401
5
10
796
568
361
850
184
263
495
963
50
497
2
640
56
456
617
372
650
500
276
763
486
488
709
910
165
27
420
579
719
413
630
997
942
904
414
79
122
930
940
591
808
400
398
657
817
500
164
312
544
306
16
108
172
176
694
585
471
364
416
837
158
210
173
252
586
534
483
895
422
239
434
914
177
757
939
525
606
85
1
966
547
202
399
324
688
734
755
359
352
825
121
742
108
192
322
65
286
114
862
441
147
423
704
332
845
699
522
909
16
234
625
804
435
587
649
858
273
98
812
432
97
505
47
488
722
166
614
91
267
787
9
540
18
354
558
614
700
679
506
762
221
307
306
899
719
118
223
678
56
77
97
139
495
452
403
481
968
349
360
50
793
258
771
234
803
79
653
590
669
716
875
946
749
842
398
388
881
11
664
895
285
654
851
346
77
811
252
579
238
597
416
262
864
718
997
546
694
751
116
461
881
8
614
543
554
12
565
5
671
737
284
911
792
455
161
516
106
678
426
84
971
405
486
647
447
920
390
412
467
698
924
492
736
83
98
848
402
636
245
88
810
793
787
269
832
741
892
481
349
244
614
54
800
677
51
653
784
335
654
288
785
887
131
9
370
494
863
909
719
703
960
267
290
930
38
265
711
954
219
137
543
422
734
456
174
726
902
632
81
532
117
542
434
694
803
478
655
817
909
917
743
80
774
776
302
461
364
643
155
870
398
445
696
916
333
242
659
968
608
232
819
31
572
294
780
136
315
658
198
115
165
50
138
805
61
981
312
417
22
364
245
745
461
731
552
453
720
348
479
530
583
701
678
447
970
344
848
101
892
677
112
13
718
235
154
22
743
12
286
159
659
66
645
170
753
388
55
17
529
390
676
877
789
120
377
581
960
941
14
188
765
190
245
158
353
544
158
820
283
364
393
302
387
142
443
913
161
176
724
921
159
432
944
185
962
399
838
328
349
851
237
334
478
527
181
455
781
801
405
159
994
901
73
719
14
200
542
383
653
152
745
429
171
58
564
733
917
51
251
609
641
755
671
418
656
775
776
832
106
46
968
406
195
15
269
842
973
993
503
396
742
738
572
364
747
996
472
209
550
653
777
295
500
550
282
425
929
390
853
8
432
0
111
338
286
234
127
54
159
327
471
407
483
424
166
575
74
726
956
942
997
379
80
123
55
346
391
282
548
428
974
191
488
365
914
602
979
614
829
604
164
388
476
281
244
296
454
933
725
177
888
204
242
7
95
781
593
241
974
790
766
9
433
150
465
62
808
255
995
883
760
459
973
878
670
753
706
276
638
335
742
723
795
834
814
608
192
284
562
241
590
157
153
86
567
909
947
460
418
529
669
529
576
612
33
183
559
736
324
347
116
933
788
493
327
153
321
389
777
368
106
876
225
230
356
441
143
283
215
373
881
759
114
641
669
846
184
134
765
781
170
629
561
670
759
528
714
816
377
856
227
331
834
585
909
266
799
995
971
577
780
371
59
457
984
673
398
970
731
82
33
849
789
769
149
747
944
850
844
424
680
344
654
258
978
792
331
392
219
196
57
887
474
932
96
544
249
146
396
280
904
293
995
772
339
553
24
155
326
469
959
448
5
325
210
192
232
369
531
449
663
861
451
100
434
522
794
812
189
413
32
399
330
478
635
557
295
60
834
142
585
304
882
769
369
567
478
267
686
171
669
76
491
100
399
592
115
587
839
460
394
656
407
672
862
101
521
84
366
506
194
518
330
258
92
675
635
670
316
107
427
736
560
162
840
931
653
300
973
489
969
97
2
429
132
2
750
74
876
179
114
867
993
809
791
221
958
557
747
834
314
361
400
351
302
699
925
129
239
648
857
339
110
971
925
579
14
550
937
525
277
999
178
792
855
103
203
992
896
520
657
859
337
469
779
217
949
550
274
373
611
619
78
697
6
969
689
321
436
267
528
494
956
419
206
687
140
513
187
891
746
539
630
842
681
126
367
516
606
523
424
641
35
686
108
339
59
155
600
937
679
362
89
310
193
645
159
97
944
639
297
382
931
695
241
245
913
52
961
417
800
68
758
740
205
880
579
721
252
698
969
538
63
66
350
211
692
829
308
630
634
408
548
217
533
547
378
133
875
993
755
768
877
502
972
846
626
954
356
283
688
710
261
604
180
404
199
654
740
764
6
495
780
468
349
524
214
992
242
99
605
483
332
866
835
556
770
431
465
988
926
449
128
174
643
911
54
888
755
312
515
882
379
962
452
261
802
719
527
334
40
869
648
546
44
525
260
132
705
335
468
317
474
91
916
483
899
371
748
821
994
839
543
254
869
673
763
784
941
130
840
820
364
237
52
767
100
707
390
6
872
230
41
533
647
994
748
436
125
656
528
68
660
805
241
129
692
562
488
760
726
70
480
34
279
361
600
753
403
122
49
363
144
84
633
789
717
460
207
706
658
110
928
444
585
528
608
626
678
703
213
699
812
529
289
505
696
931
814
833
321
932
183
259
240
537
196
957
188
10
534
373
217
837
220
94
370
778
534
274
669
695
720
905
479
20
65
633
839
538
716
663
847
743
622
461
424
221
114
468
725
309
250
924
531
845
414
418
471
538
793
240
816
274
298
171
775
200
425
993
709
533
299
922
204
917
784
306
736
137
578
547
151
539
65
255
870
439
21
838
806
471
979
869
584
471
739
617
605
475
105
498
385
942
59
11
8
493
507
841
297
419
214
138
986
102
275
367
356
985
288
805
993
763
106
377
748
688
571
314
568
471
729
540
491
548
764
657
571
959
448
987
538
964
452
744
679
308
298
972
885
757
432
789
39
741
6
619
860
156
826
663
728
723
504
614
195
503
382
845
902
555
382
303
899
805
157
893
372
455
436
885
664
553
477
519
649
485
169
396
320
403
735
87
541
54
527
624
978
559
152
583
168
433
743
526
205
37
465
138
604
590
579
563
676
775
111
282
454
291
665
611
305
861
803
731
160
666
551
347
399
764
283
902
698
497
777
263
751
355
15
519
140
905
733
406
292
421
61
855
782
903
224
809
534
491
38
66
665
46
606
503
795
71
255
90
283
331
389
532
449
753
649
635
374
576
562
685
581
557
25
805
121
513
156
245
576
851
184
821
294
594
148
451
813
422
980
228
875
271
67
986
220
894
245
343
161
763
316
544
1
614
969
493
656
298
894
280
238
870
721
980
521
158
523
656
877
434
945
420
122
565
723
459
831
433
652
58
286
842
362
840
15
320
830
999
730
112
525
145
944
772
96
854
673
874
889
526
795
251
72
25
601
446
317
655
826
396
686
149
460
333
955
997
400
771
280
962
616
564
187
18
894
614
30
940
79
486
295
107
80
154
551
732
279
128
464
685
61
942
971
79
555
44
168
918
11
894
262
46
48
711
206
480
601
586
748
597
457
794
909
322
627
949
543
413
124
741
133
70
937
991
562
801
139
695
265
612
248
684
690
940
156
287
727
453
352
178
671
138
457
743
251
33
108
582
712
266
961
163
948
434
701
831
20
291
709
990
558
726
288
730
978
356
764
14
14
801
51
708
266
202
423
27
497
209
740
60
458
286
613
956
349
112
842
118
178
548
456
850
14
85
153
225
511
493
622
594
987
563
611
866
196
686
858
255
406
993
50
454
220
951
992
430
664
544
694
37
834
365
964
641
722
385
877
425
713
880
412
645
381
348
254
635
396
742
962
324
92
170
878
742
335
766
547
811
572
580
908
138
756
21
282
948
355
497
108
418
440
533
509
302
358
476
519
367
539
545
631
504
89
163
608
891
483
26
581
306
179
241
137
806
522
357
617
36
239
165
733
661
587
491
682
844
892
906
483
477
265
63
386
357
981
573
937
309
8
284
862
106
867
658
887
258
138
468
873
455
286
310
488
672
788
586
930
305
80
470
540
751
486
57
978
817
778
871
640
396
526
883
551
317
212
132
437
308
885
475
883
367
66
492
885
804
641
907
877
932
442
409
393
268
81
239
87
878
839
170
734
688
925
424
38
562
608
378
915
605
779
754
870
987
961
142
517
242
251
102
612
421
545
907
291
708
204
184
785
675
107
526
82
785
292
298
110
609
870
210
458
94
804
240
290
443
781
869
519
768
225
770
149
684
615
715
793
351
741
421
841
559
951
330
860
423
220
386
244
978
93
388
513
622
752
126
760
310
148
921
339
768
141
840
667
313
226
66
3
310
781
270
487
636
787
919
788
98
805
896
82
405
102
545
608
564
310
627
55
686
574
185
969
921
613
31
803
652
843
759
569
759
452
610
577
689
223
268
131
442
111
755
727
75
233
721
815
666
511
984
415
42
693
725
946
275
923
16
359
261
514
307
756
475
618
809
433
950
682
762
232
151
474
452
675
386
246
131
983
735
51
692
472
906
24
478
886
941
157
563
526
613
174
94
299
834
110
492
302
635
478
888
444
290
429
730
887
419
788
328
808
715
898
808
91
182
902
788
179
401
139
159
264
698
649
143
550
45
265
611
360
176
41
79
965
217
321
358
482
775
789
807
528
310
292
107
991
526
88
406
835
430
895
84
854
653
809
422
870
378
923
605
712
453
388
406
309
662
926
127
740
964
903
705
161
360
137
462
661
579
158
189
565
172
488
179
111
903
487
469
466
707
660
171
853
563
191
815
996
647
524
622
174
483
67
566
802
769
912
697
443
891
344
704
234
603
949
236
475
246
563
65
90
734
788
565
48
280
473
191
624
334
667
915
687
277
641
37
860
809
298
963
379
999
461
392
712
996
47
374
547
540
805
797
271
765
355
297
647
669
612
528
875
177
874
637
879
505
33
246
517
816
711
901
741
888
982
565
417
757
54
970
158
16
101
958
616
167
680
674
469
403
406
226
436
2
402
908
743
542
610
122
39
190
839
942
888
292
196
710
845
359
745
424
300
657
458
487
277
676
284
254
559
208
936
628
76
928
780
409
502
982
557
73
234
468
569
775
948
861
581
723
803
874
866
159
358
665
237
190
487
556
959
854
55
726
242
415
874
443
734
76
540
864
642
610
220
712
831
879
673
225
897
141
107
439
663
623
947
687
454
51
484
974
233
849
323
43
644
443
686
867
264
101
402
444
57
654
895
892
519
991
511
234
330
604
189
788
889
289
611
587
173
695
127
164
369
872
662
1
885
207
217
352
108
234
95
426
346
532
771
734
498
407
607
414
182
231
490
723
496
653
518
909
649
386
741
653
137
810
525
119
830
379
177
882
736
718
19
498
172
213
598
104
440
142
265
47
575
479
529
178
476
466
69
717
956
27
808
338
39
880
602
901
160
736
128
273
893
583
806
796
785
73
210
696
680
772
947
860
819
212
602
387
557
41
591
987
52
235
279
481
548
249
668
530
977
766
638
941
755
885
713
672
87
359
751
272
364
131
351
261
274
237
86
413
666
177
573
679
18
426
722
875
176
646
268
944
201
756
354
134
306
706
691
694
335
496
675
959
66
608
332
410
190
930
435
919
772
467
429
969
286
726
946
912
402
359
569
758
178
243
4
933
730
379
389
110
905
547
216
948
171
550
139
915
470
380
348
171
811
527
506
714
176
906
142
353
676
859
435
804
834
867
324
480
714
803
381
921
292
985
917
265
263
395
483
832
833
83
366
496
223
228
609
520
591
140
975
20
484
482
194
362
450
674
899
56
683
359
173
805
346
153
171
765
661
71
772
433
888
102
579
54
952
234
708
676
861
709
723
570
515
286
799
465
194
819
552
238
565
458
661
427
801
572
841
440
959
531
806
974
363
982
618
605
373
3
162
687
360
836
212
492
729
349
897
823
122
932
259
200
24
298
739
900
746
633
175
42
715
519
82
160
106
138
964
741
671
940
795
271
121
617
42
641
54
311
601
365
106
982
701
720
228
871
161
550
389
673
429
459
994
266
791
373
548
627
103
654
998
320
896
134
63
326
891
400
689
301
413
236
441
344
173
101
312
122
679
155
825
364
940
644
596
565
517
982
546
913
838
601
10
364
376
891
924
105
985
59
36
238
767
26
241
339
515
319
918
859
667
474
736
321
587
915
825
695
309
108
541
331
278
668
331
859
843
141
94
506
859
433
301
67
559
312
504
854
112
877
188
841
199
714
920
33
27
889
721
265
374
245
323
929
849
312
89
611
833
238
550
490
594
706
589
220
75
583
118
490
658
113
235
389
42
533
834
931
298
551
291
602
616
947
572
324
518
286
915
684
579
909
924
121
581
893
348
224
69
614
557
486
164
498
442
78
125
570
750
16
914
179
584
827
100
372
858
844
565
708
178
167
240
170
200
942
292
844
689
792
453
92
412
955
179
32
163
277
303
681
596
535
467
191
848
84
585
738
563
920
815
763
214
940
369
949
714
65
207
238
766
731
297
155
930
185
33
83
484
609
664
634
651
305
627
297
835
308
759
172
729
161
171
4
631
138
749
158
689
548
119
588
697
106
907
922
176
103
437
851
534
724
384
717
317
318
844
579
569
155
239
250
514
583
313
278
4
922
556
693
934
316
667
772
107
468
210
729
870
510
575
136
105
827
640
898
344
205
646
411
273
379
800
68
662
73
466
32
951
11
662
594
681
244
500
199
124
930
599
360
84
149
480
267
565
80
999
361
141
542
335
539
676
449
682
97
807
159
468
316
286
78
636
421
210
306
577
181
307
860
393
582
9
637
727
242
482
739
262
507
931
243
529
538
778
632
517
868
700
314
402
241
794
891
669
415
993
118
706
559
562
185
72
78
423
997
205
822
391
779
83
182
596
393
923
48
11
446
402
282
212
346
425
287
67
937
954
566
549
241
935
307
919
786
812
277
292
126
112
904
869
737
353
219
366
491
222
845
847
971
360
764
568
542
11
230
664
264
305
11
824
107
161
930
755
638
718
828
865
95
658
446
460
404
117
131
595
903
745
233
261
776
808
418
880
991
407
446
347
178
4
407
576
787
55
69
110
206
589
59
582
385
899
242
212
829
121
180
985
173
52
116
663
221
392
564
844
28
478
679
914
4
491
88
454
762
905
659
64
209
850
514
698
580
433
682
141
388
36
544
896
718
319
766
267
689
386
738
43
558
559
969
902
329
900
376
762
919
704
771
432
928
155
490
127
975
942
992
766
176
158
381
506
898
731
519
490
588
294
693
950
429
370
188
583
62
297
270
851
555
594
775
0
667
90
425
595
203
114
459
113
850
551
837
414
408
783
543
483
816
778
627
622
360
871
345
197
838
137
753
498
69
730
638
54
217
399
281
23
839
715
739
708
785
672
967
35
888
51
839
440
363
896
958
233
15
103
206
23
79
109
259
64
38
805
160
155
930
752
464
611
332
827
319
280
453
369
347
442
620
888
5
519
405
704
84
847
627
185
212
543
233
60
203
795
446
829
972
295
647
751
64
751
538
305
521
829
48
952
465
523
754
957
707
81
215
880
319
882
676
245
332
507
774
766
681
291
916
657
308
273
768
460
151
650
184
86
960
90
552
199
793
357
386
770
743
294
320
570
958
640
441
260
364
636
195
164
541
506
713
386
464
91
949
333
247
173
710
648
156
536
973
741
250
74
717
312
211
526
506
310
49
243
683
981
246
153
18
652
775
814
740
727
334
483
100
524
623
769
661
554
158
144
576
211
975
456
122
182
269
417
578
98
783
233
266
472
440
788
19
793
895
641
846
632
415
226
696
112
463
772
453
369
148
856
185
863
317
640
618
524
447
574
138
864
338
506
693
342
780
467
766
840
629
65
982
901
267
760
695
338
935
870
213
511
839
656
879
420
845
650
629
259
640
343
274
695
641
544
412
46
697
696
617
211
849
55
509
647
282
868
849
673
655
641
174
403
847
962
227
527
575
326
450
922
504
338
169
376
764
482
744
48
919
105
655
249
715
394
962
989
453
232
703
445
223
11
743
85
85
996
892
226
739
700
554
289
598
144
192
849
299
807
881
124
542
670
286
762
300
756
214
663
370
338
289
982
687
797
433
606
527
648
491
788
786
83
52
217
12
616
807
525
750
896
958
131
726
801
407
183
658
699
849
646
690
875
430
5
775
863
468
325
287
612
199
877
842
748
697
872
737
44
197
201
374
941
216
932
231
408
705
175
295
136
554
529
134
803
207
161
735
801
407
914
771
552
217
854
557
783
649
969
525
522
338
607
105
790
606
8
649
677
892
794
929
563
962
680
325
818
492
27
727
483
523
358
989
638
0
774
489
860
475
529
265
115
768
470
96
178
417
614
172
990
170
329
498
900
576
244
646
583
948
641
896
668
655
952
315
237
565
85
184
843
847
122
675
623
740
606
484
658
113
14
288
4
833
155
152
650
773
980
851
36
959
205
368
6
124
232
655
524
880
932
633
179
918
395
308
582
305
296
619
439
797
624
621
342
361
184
957
207
641
656
59
79
238
311
417
727
353
887
280
108
776
154
275
902
640
4
780
31
532
283
999
311
981
333
92
902
331
185
264
545
602
121
686
889
217
781
833
488
175
844
62
869
38
519
72
466
676
222
308
748
288
703
406
954
818
108
987
778
807
389
337
297
259
229
980
609
655
601
858
992
61
343
169
423
777
419
127
144
99
560
474
779
923
621
538
170
100
229
892
875
876
420
656
911
618
223
557
889
801
451
179
369
892
704
137
657
58
247
528
631
317
146
392
605
349
28
841
877
562
57
525
529
186
134
917
26
560
580
329
111
694
633
931
561
188
24
566
125
41
554
579
673
449
117
308
746
735
148
677
349
277
191
136
812
107
548
800
332
140
862
576
397
863
453
772
169
644
478
424
721
141
53
568
204
487
688
768
457
505
62
925
976
493
79
875
604
796
69
897
403
55
172
178
369
931
374
501
145
61
19
975
6
494
919
695
209
64
619
915
732
874
80
609
270
865
482
424
984
208
106
784
704
640
694
543
387
707
253
670
561
182
677
851
811
101
952
144
96
988
983
260
297
851
909
505
633
457
167
830
1
549
922
21
51
640
389
215
549
327
409
511
376
856
262
517
706
146
184
316
89
170
395
613
617
931
714
373
48
438
286
205
743
819
13
616
379
671
760
803
222
950
90
8
368
106
198
731
993
140
808
825
836
467
783
381
428
403
825
117
618
152
463
260
498
507
35
258
978
292
160
745
741
993
704
57
967
365
380
158
250
620
711
968
32
606
619
804
434
811
497
393
336
350
171
541
594
661
573
385
22
935
715
851
411
895
124
306
726
936
88
991
19
610
173
794
566
956
456
954
74
26
682
841
546
657
193
191
558
584
906
119
40
673
635
991
576
121
613
851
781
532
74
20
349
693
939
797
374
596
389
503
293
872
493
14
480
640
322
419
191
373
474
562
680
986
368
103
316
694
900
237
691
505
474
407
487
941
912
155
816
407
291
955
307
734
505
446
721
204
965
31
493
843
646
36
478
529
512
489
142
591
871
990
66
382
665
839
491
987
692
562
836
981
881
878
764
252
151
890
438
965
306
900
272
139
253
771
322
295
373
287
911
115
576
319
168
332
639
907
615
719
808
860
497
317
655
977
584
393
629
547
992
874
305
266
0
660
751
289
683
988
406
696
608
595
295
185
150
394
626
501
852
48
179
640
752
520
421
482
959
310
765
599
789
827
771
201
724
599
60
485
226
415
772
516
559
847
698
458
980
17
476
572
234
911
725
942
905
869
300
762
512
251
79
144
893
361
55
74
158
636
797
543
663
560
782
915
524
478
387
764
282
825
812
208
225
499
991
789
844
285
723
714
908
951
785
796
722
652
285
155
52
242
738
559
594
280
988
589
537
889
890
174
31
313
35
561
96
565
983
887
649
95
130
368
779
170
493
853
810
515
206
478
127
145
817
613
507
375
22
834
828
967
197
207
325
385
160
847
785
348
336
155
216
268
346
590
261
229
274
826
47
175
801
209
375
403
436
233
241
980
293
82
671
161
462
601
378
818
443
650
34
649
911
497
792
180
898
306
226
936
361
675
743
32
134
582
755
21
386
395
989
944
824
293
536
407
996
843
759
100
756
386
788
756
270
266
50
78
466
46
281
122
913
344
258
589
350
196
965
338
691
827
831
218
880
795
703
200
808
797
923
54
980
304
263
748
828
492
246
619
739
169
307
644
554
224
842
758
600
947
971
408
0
937
967
395
803
212
118
756
833
383
680
681
74
714
410
962
1
960
220
402
947
867
616
149
533
158
398
628
116
330
942
383
192
117
949
779
252
73
763
388
471
665
956
620
542
297
919
293
598
670
3
364
405
164
96
542
328
735
877
159
442
675
86
136
540
672
680
241
192
432
360
128
978
923
568
152
201
798
444
126
890
303
445
384
198
683
299
519
45
460
656
718
667
677
810
795
242
424
258
133
369
179
595
31
843
957
916
501
178
559
682
636
5
753
744
447
32
882
816
31
556
589
231
314
422
328
564
583
964
111
289
377
838
104
429
714
481
944
288
226
609
758
297
256
840
902
525
480
82
49
977
286
52
826
146
362
420
220
226
677
762
987
574
834
735
761
789
512
468
578
324
64
247
401
688
210
682
308
996
516
373
70
308
821
493
555
904
687
916
777
949
812
386
454
496
779
972
68
877
858
77
4
319
926
619
330
761
745
979
517
716
531
7
130
146
660
463
145
290
985
710
24
157
749
286
662
97
354
774
547
859
136
507
815
387
60
797
984
386
365
644
519
903
372
330
549
27
82
11
714
49
359
146
47
706
271
302
981
463
111
445
13
408
57
119
585
526
196
702
634
476
600
748
524
355
296
302
711
222
160
344
528
435
321
417
535
491
651
736
690
107
243
295
418
164
53
735
340
857
860
493
618
143
535
523
723
761
430
658
65
276
526
366
833
664
24
258
777
145
721
822
589
661
349
486
10
39
118
573
782
619
828
178
639
3
981
202
220
393
847
678
425
470
762
910
863
770
796
645
355
501
336
183
158
573
439
953
637
449
33
312
137
174
445
77
465
407
303
872
871
947
722
722
441
50
551
199
529
903
300
707
223
197
840
676
860
715
390
945
747
241
537
25
540
0
767
287
232
981
128
317
212
934
176
695
591
536
523
689
726
105
913
811
931
73
907
548
74
542
29
21
84
304
227
15
878
394
953
215
604
315
870
785
531
756
665
44
421
418
639
228
800
534
883
405
561
707
695
743
925
631
513
53
528
262
658
978
721
844
803
350
382
970
433
685
28
931
356
297
842
454
346
129
310
166
97
714
96
177
388
365
758
446
949
689
255
243
172
771
852
422
831
187
428
546
51
816
655
332
289
526
597
606
421
863
264
171
851
809
47
836
195
983
597
35
311
658
809
575
673
481
271
551
883
70
207
378
441
979
44
486
913
580
496
104
591
63
654
532
850
538
296
468
347
556
450
334
519
231
31
857
787
588
194
545
751
887
15
236
582
596
812
971
780
154
178
917
145
592
152
352
670
62
322
665
869
508
542
398
62
992
895
963
695
36
285
834
564
71
445
230
7
557
21
553
154
721
419
748
162
170
950
624
830
83
133
451
41
424
775
405
676
838
675
427
839
394
424
203
161
597
759
601
511
142
952
818
401
64
523
575
443
285
617
692
187
388
641
889
166
583
38
881
664
672
241
594
451
461
476
556
487
521
983
933
676
93
102
4
68
279
930
804
116
514
7
788
540
302
54
13
573
657
436
475
507
14
299
775
251
965
983
916
430
444
740
242
806
84
646
167
337
774
608
652
564
432
889
727
98
931
180
589
381
783
520
723
92
393
151
788
518
259
938
429
749
45
21
47
302
947
279
21
265
734
661
535
428
776
16
214
404
226
891
890
431
24
57
976
948
952
167
415
20
694
854
125
77
244
116
605
52
208
611
629
851
654
26
373
371
208
586
74
484
915
428
691
658
372
33
11
242
539
314
713
854
15
385
85
757
577
680
212
431
325
465
710
967
879
933
589
618
786
16
249
695
807
93
970
719
980
111
957
319
923
392
706
836
892
709
349
470
357
433
828
680
145
648
33
127
991
983
577
880
565
939
267
575
717
791
509
62
695
475
524
627
574
801
922
573
695
912
5
72
207
463
221
454
517
418
22
16
424
377
231
662
458
202
314
300
77
491
757
926
293
452
848
557
351
237
625
466
951
68
796
826
64
386
359
274
680
478
989
197
154
609
952
956
144
100
692
685
328
295
738
272
478
892
651
373
115
300
582
402
885
464
52
868
175
722
481
612
266
748
829
636
931
777
108
81
391
379
523
723
989
69
140
387
651
322
235
749
44
350
66
62
648
836
219
511
796
519
564
35
675
900
559
477
893
343
338
846
200
534
581
46
356
812
458
816
371
719
98
995
625
883
781
149
552
903
170
707
31
193
552
63
396
750
83
201
880
69
252
82
498
741
530
388
574
123
622
126
359
809
782
831
890
459
239
160
142
299
824
279
297
992
661
545
916
867
889
0
346
546
192
182
605
392
620
968
562
132
598
374
566
233
256
618
952
238
152
311
816
175
759
996
17
996
74
817
348
33
353
169
293
502
543
489
841
327
450
568
552
870
323
711
336
151
303
123
698
445
271
145
977
595
133
497
464
118
481
774
34
713
739
181
32
193
121
444
383
138
275
685
321
665
237
10
709
867
133
755
329
670
782
231
646
375
763
831
452
868
72
265
712
123
894
147
652
11
14
974
870
97
472
150
955
909
516
167
886
438
0
330
123
571
907
88
545
12
817
918
343
592
776
769
814
392
787
820
320
644
45
32
871
924
465
276
89
130
71
869
762
134
585
535
370
634
71
101
857
216
583
853
577
928
489
183
699
398
274
360
516
380
544
362
649
323
406
174
200
920
319
61
161
677
152
235
205
717
505
373
390
684
933
372
832
422
379
499
887
471
795
566
728
339
573
195
860
215
958
437
778
471
412
246
836
233
621
701
541
202
339
33
185
793
162
621
942
145
349
196
362
386
214
414
829
241
933
324
856
966
210
760
622
271
238
417
234
956
727
78
369
611
43
768
673
901
384
149
442
304
272
779
268
134
442
217
162
638
159
28
686
162
371
17
612
177
189
589
427
445
96
917
457
295
522
755
982
585
365
847
21
405
61
311
678
693
49
767
920
914
293
916
325
833
231
949
637
875
392
571
256
516
6
411
654
670
416
962
169
334
226
313
838
783
57
576
592
486
721
191
837
286
877
315
141
229
470
478
200
886
481
427
647
432
786
160
583
752
637
612
217
387
438
555
901
910
647
688
472
617
499
794
731
800
424
346
967
580
890
396
813
331
822
244
531
443
188
171
716
621
833
954
806
967
363
150
531
554
950
477
408
942
310
752
426
106
950
153
329
568
641
902
301
392
984
671
225
244
547
325
533
493
387
27
241
212
479
922
54
315
285
335
183
765
668
952
824
914
207
671
382
552
533
605
567
855
111
75
747
979
321
677
595
112
188
664
825
241
619
262
416
393
781
911
814
606
971
850
911
74
451
324
507
644
420
752
523
334
778
385
40
544
620
924
773
590
324
649
254
622
735
506
569
588
766
877
171
665
508
847
678
193
673
330
482
404
350
232
698
279
298
784
209
980
373
401
716
871
691
861
921
907
131
632
544
996
72
464
361
894
383
983
198
782
602
158
546
607
421
109
627
737
24
481
52
613
396
85
918
731
385
668
608
327
534
253
149
82
499
857
877
693
356
705
86
651
703
611
332
711
920
318
158
52
506
475
299
684
625
128
117
547
237
231
102
869
722
396
40
908
886
335
681
910
539
102
270
207
709
207
935
924
414
436
452
704
569
23
374
649
347
553
433
989
584
430
40
194
125
955
650
67
274
667
124
610
931
133
759
458
327
490
379
900
432
214
748
5
4
405
859
181
507
328
225
867
34
8
296
183
296
770
186
288
207
876
22
839
885
471
799
708
764
797
80
744
550
813
526
563
341
156
500
166
865
990
933
51
627
662
133
164
371
786
240
362
733
779
120
559
105
355
257
397
195
488
687
776
232
496
882
586
378
141
273
710
605
555
309
247
211
647
511
449
141
123
645
448
636
751
321
248
415
506
2
493
69
946
471
300
829
704
457
650
652
943
312
595
959
374
649
989
834
708
855
335
984
308
312
236
667
121
689
300
295
980
524
868
570
580
936
533
279
284
898
395
435
707
379
359
583
744
794
415
511
149
444
492
930
974
929
549
388
313
289
858
808
8
550
923
850
53
747
441
636
957
469
525
967
65
2
217
716
601
664
492
835
761
790
650
596
696
33
42
21
702
808
977
371
463
656
424
100
54
959
210
613
851
443
881
527
439
331
137
255
752
721
20
62
664
334
447
718
923
934
669
63
761
862
467
824
624
427
204
946
830
628
702
737
269
939
829
596
280
216
230
912
181
975
631
720
700
443
741
920
511
259
517
281
913
531
583
55
412
830
696
818
350
435
767
962
852
854
874
158
826
432
362
55
745
513
789
72
498
877
834
409
955
941
970
645
911
288
29
376
154
537
930
813
910
755
932
286
719
626
817
469
806
916
380
172
476
432
326
888
717
861
784
819
927
462
780
393
763
68
261
683
819
605
4
835
293
660
476
135
559
545
825
217
971
835
812
566
45
442
370
670
35
314
326
828
204
613
995
734
732
968
647
991
15
633
845
523
307
383
129
283
771
138
129
898
402
981
866
966
533
266
649
427
156
316
644
773
506
962
799
148
642
11
771
205
525
461
980
719
553
851
298
91
628
318
331
207
130
610
38
684
123
933
259
367
577
340
674
109
656
694
441
547
806
917
737
813
5
82
539
533
887
152
911
342
274
468
558
113
516
907
737
688
944
557
56
738
513
624
264
646
655
232
463
419
560
798
26
727
753
959
177
582
957
302
40
406
564
356
74
16
640
679
817
762
764
793
569
987
510
731
782
310
910
849
82
451
799
767
868
138
6
404
222
450
897
782
277
769
691
991
974
892
677
270
887
577
222
73
620
371
597
754
508
150
702
359
507
532
676
23
248
200
111
273
762
456
174
463
126
40
22
228
420
149
755
345
236
695
670
910
331
810
369
879
938
102
719
124
848
126
831
534
527
111
818
735
253
962
970
914
844
179
334
699
403
698
563
567
366
258
30
127
492
264
135
289
552
918
56
48
283
897
231
893
583
728
55
501
983
990
30
397
365
802
274
348
283
724
813
760
767
67
163
92
425
429
306
328
46
774
449
881
50
477
332
387
746
27
623
596
840
141
353
570
610
108
667
200
253
844
472
677
605
737
344
718
281
969
240
501
29
429
44
153
527
769
383
464
558
799
962
587
776
215
963
785
948
651
976
286
31
247
301
997
266
542
714
996
579
819
625
239
627
765
854
936
617
183
888
805
245
262
687
354
343
980
910
89
193
405
538
487
10
24
316
328
117
872
60
694
905
652
870
670
882
780
74
612
360
93
142
713
550
214
55
89
926
244
32
458
914
163
633
225
110
606
324
207
973
472
108
660
674
876
711
619
584
595
534
647
91
612
698
956
361
344
193
529
739
550
657
260
360
604
412
702
852
320
157
865
100
670
690
287
670
635
603
69
439
681
474
280
748
123
899
462
317
460
406
721
831
875
674
327
226
530
668
198
354
303
136
462
745
986
48
511
741
576
331
164
438
936
239
64
634
748
346
856
508
954
405
257
851
539
458
420
191
859
368
71
34
